t = [
[ 2 2 1 2 1 2 1 1 2 1 1 2 1 2 1 1 2 2 ];
[ 1 2 2 1 2 1 2 1 1 2 2 1 2 1 2 2 1 1 ];
[ 2 1 1 2 1 2 1 2 1 2 1 2 1 2 1 2 1 2 ];
[ 1 2 1 1 2 1 2 1 2 1 2 1 1 2 2 1 2 2 ];
[ 1 1 2 1 2 2 1 2 1 2 2 1 2 1 2 1 2 1 ];
[ 2 1 1 2 1 2 1 1 2 2 1 2 1 2 1 2 1 2 ];
[ 2 2 1 2 1 1 2 2 1 1 2 2 1 1 2 2 1 1 ];
[ 1 1 2 1 2 1 2 2 1 2 2 1 2 2 1 1 2 1 ];
[ 2 2 1 1 2 2 1 1 2 1 1 2 1 2 2 1 1 2 ];
[ 2 1 2 2 1 2 1 2 1 1 2 1 2 1 1 2 1 2 ];
[ 1 2 2 1 2 1 2 2 1 2 1 1 2 1 2 1 2 1 ];
[ 2 1 1 2 1 1 2 1 2 1 2 2 1 2 2 1 2 1 ];
[ 1 2 2 1 1 2 1 2 2 1 1 2 2 1 1 2 1 2 ];
[ 1 1 2 1 2 2 1 2 1 2 2 1 2 1 2 1 2 1 ];
[ 2 1 1 2 2 1 2 1 2 1 1 2 1 2 1 2 1 2 ];
[ 1 2 2 1 1 2 1 1 2 1 2 2 1 2 1 2 1 2 ];
[ 2 1 2 2 1 1 2 2 1 2 1 1 2 1 2 1 2 1 ];
[ 1 2 1 2 2 1 2 1 2 2 1 1 2 1 1 2 2 1 ]
]
solveTime = 3.007999897003174
isOptimal = true
