t = [
[ 1 2 2 1 2 1 2 2 1 1 2 2 1 2 1 1 ];
[ 1 1 2 2 1 2 1 1 2 2 1 1 2 1 2 2 ];
[ 2 1 1 2 1 1 2 2 1 2 2 1 2 1 2 1 ];
[ 1 2 1 1 2 1 2 2 1 1 2 2 1 2 1 2 ];
[ 2 1 2 2 1 2 1 1 2 1 1 2 1 2 2 1 ];
[ 2 1 1 2 1 1 2 2 1 2 2 1 2 1 1 2 ];
[ 1 2 2 1 2 2 1 1 2 2 1 1 2 2 1 1 ];
[ 2 1 1 2 1 2 1 2 1 1 2 2 1 2 2 1 ];
[ 1 2 1 1 2 1 2 1 2 2 1 1 2 1 2 2 ];
[ 2 1 2 2 1 1 2 2 1 2 2 1 1 2 1 1 ];
[ 2 2 1 1 2 2 1 1 2 1 1 2 1 1 2 2 ];
[ 1 2 2 1 1 2 2 1 1 2 2 1 2 1 1 2 ];
[ 2 1 1 2 2 1 1 2 2 1 1 2 1 2 2 1 ];
[ 1 2 1 2 1 1 2 2 1 2 1 2 1 2 1 2 ];
[ 1 2 2 1 2 2 1 1 2 1 2 1 2 1 1 2 ];
[ 2 1 2 1 2 2 1 1 2 1 1 2 2 1 2 1 ]
]
solveTime = 0.32200002670288086
isOptimal = true
