t = [
[ 1 1 2 2 1 1 2 2 1 1 2 1 2 2 ];
[ 2 2 1 2 1 2 1 2 1 2 1 1 2 1 ];
[ 1 1 2 1 2 1 2 1 2 1 2 2 1 2 ];
[ 2 1 2 1 1 2 1 2 1 2 2 1 2 1 ];
[ 1 2 1 2 1 2 1 1 2 2 1 2 1 2 ];
[ 2 1 1 2 2 1 2 2 1 1 2 2 1 1 ];
[ 1 2 2 1 2 2 1 1 2 2 1 1 2 1 ];
[ 2 2 1 2 1 1 2 1 2 1 1 2 1 2 ];
[ 1 1 2 1 2 2 1 2 1 1 2 2 1 2 ];
[ 2 2 1 2 1 1 2 1 2 2 1 1 2 1 ];
[ 1 1 2 1 2 1 2 1 1 2 2 1 2 2 ];
[ 2 2 1 1 2 2 1 2 2 1 1 2 1 1 ];
[ 2 1 1 2 1 2 1 2 1 2 2 1 1 2 ];
[ 1 2 2 1 2 1 2 1 2 1 1 2 2 1 ]
]
solveTime = 1.5360000133514404
isOptimal = true
