t = [
[ 1 2 1 1 2 2 1 2 2 1 2 1 1 2 1 2 ];
[ 2 1 2 2 1 1 2 1 1 2 1 2 1 2 1 2 ];
[ 1 2 1 1 2 1 2 2 1 2 2 1 2 1 2 1 ];
[ 2 2 1 2 1 2 1 2 2 1 1 2 1 1 2 1 ];
[ 2 1 2 2 1 1 2 1 1 2 1 2 1 2 1 2 ];
[ 1 1 2 1 2 2 1 2 2 1 2 1 2 2 1 1 ];
[ 1 2 1 2 2 1 2 1 1 2 1 2 2 1 2 1 ];
[ 2 1 2 1 1 2 1 1 2 1 2 2 1 2 1 2 ];
[ 2 1 1 2 1 2 1 2 2 1 2 1 2 1 2 1 ];
[ 1 2 2 1 2 1 2 1 1 2 1 2 1 2 2 1 ];
[ 1 1 2 2 1 2 1 2 1 2 1 2 2 1 1 2 ];
[ 2 2 1 1 2 1 2 1 2 1 2 1 1 2 1 2 ];
[ 2 1 1 2 2 1 2 2 1 2 1 1 2 1 2 1 ];
[ 1 2 2 1 1 2 1 2 2 1 1 2 2 1 1 2 ];
[ 2 2 1 2 1 2 1 1 2 1 2 1 1 2 2 1 ];
[ 1 1 2 1 2 1 2 1 1 2 2 1 2 1 2 2 ]
]
solveTime = 2.183000087738037
isOptimal = true
