t = [
[ 2 1 1 2 2 1 1 2 1 1 2 1 2 2 ];
[ 2 2 1 2 1 1 2 1 1 2 1 2 2 1 ];
[ 1 1 2 1 2 2 1 2 2 1 2 2 1 1 ];
[ 2 1 1 2 1 2 1 1 2 2 1 1 2 2 ];
[ 2 2 1 2 1 1 2 1 1 2 2 1 2 1 ];
[ 1 1 2 1 2 2 1 2 2 1 1 2 1 2 ];
[ 2 1 1 2 1 2 1 2 1 2 2 1 2 1 ];
[ 1 2 2 1 2 1 2 1 1 2 1 2 1 2 ];
[ 1 2 1 1 2 2 1 2 2 1 1 2 1 2 ];
[ 2 1 2 2 1 1 2 2 1 1 2 1 2 1 ];
[ 1 2 2 1 1 2 2 1 2 2 1 2 1 1 ];
[ 1 2 1 2 2 1 1 2 2 1 2 1 1 2 ];
[ 2 1 2 1 1 2 2 1 1 2 1 1 2 2 ];
[ 1 2 2 1 2 1 2 1 2 1 2 2 1 1 ]
]
solveTime = 0.1099998950958252
isOptimal = true
