t = [
[ 2 1 2 2 1 2 1 1 2 2 1 1 2 2 1 1 ];
[ 2 1 2 1 1 2 1 1 2 1 2 2 1 1 2 2 ];
[ 1 2 1 2 2 1 2 2 1 2 2 1 1 2 1 1 ];
[ 1 2 1 2 1 2 2 1 1 2 1 1 2 2 1 2 ];
[ 2 1 2 1 2 2 1 1 2 1 1 2 1 1 2 2 ];
[ 2 2 1 2 1 1 2 2 1 1 2 2 1 2 1 1 ];
[ 1 1 2 1 2 1 2 1 2 2 1 1 2 1 2 2 ];
[ 2 1 2 1 1 2 1 2 1 2 2 1 1 2 1 2 ];
[ 1 2 1 2 2 1 2 1 2 1 1 2 2 1 2 1 ];
[ 2 2 1 1 2 1 1 2 1 2 2 1 2 1 1 2 ];
[ 1 1 2 2 1 2 1 2 2 1 1 2 1 2 2 1 ];
[ 1 2 1 1 2 1 2 1 2 1 2 1 2 2 1 2 ];
[ 2 1 2 1 1 2 1 2 1 2 1 2 2 1 2 1 ];
[ 1 2 1 2 2 1 2 2 1 1 2 2 1 2 1 1 ];
[ 1 1 2 2 1 2 1 1 2 1 2 1 2 1 2 2 ];
[ 2 2 1 1 2 1 2 2 1 2 1 2 1 1 2 1 ]
]
solveTime = 0.22300004959106445
isOptimal = true
