t = [
[ 1 1 2 2 1 2 1 1 2 1 2 2 1 1 2 2 1 1 2 2 ];
[ 1 2 2 1 1 2 2 1 2 1 2 1 1 2 2 1 2 1 2 1 ];
[ 2 1 1 2 2 1 1 2 1 2 1 2 2 1 1 2 1 2 1 2 ];
[ 2 2 1 1 2 1 2 1 2 1 2 1 1 2 2 1 1 2 1 2 ];
[ 1 1 2 2 1 2 1 2 1 2 1 2 2 1 1 2 2 1 2 1 ];
[ 2 2 1 2 1 2 1 2 1 1 2 2 1 2 1 2 1 2 1 1 ];
[ 1 2 1 1 2 1 2 1 2 2 1 1 2 1 2 1 2 2 1 2 ];
[ 2 1 2 1 2 1 2 1 2 1 2 2 1 2 1 1 2 1 2 1 ];
[ 2 1 1 2 1 2 1 2 1 2 1 1 2 1 2 2 1 1 2 2 ];
[ 1 2 1 2 2 1 1 2 2 1 2 2 1 2 2 1 1 2 1 1 ];
[ 2 1 2 1 2 1 2 1 1 2 1 1 2 2 1 2 2 1 2 1 ];
[ 1 1 2 1 1 2 1 2 2 1 1 2 2 1 2 2 1 2 1 2 ];
[ 2 2 1 2 1 2 2 1 1 2 2 1 1 2 1 1 2 1 1 2 ];
[ 1 2 2 1 2 1 2 2 1 2 1 1 2 1 1 2 1 2 2 1 ];
[ 2 1 1 2 1 2 1 2 2 1 1 2 1 2 2 1 2 1 1 2 ];
[ 2 2 1 1 2 1 2 1 2 1 2 1 1 2 2 1 1 2 2 1 ];
[ 1 2 2 1 2 1 2 1 1 2 1 1 2 1 1 2 2 1 2 2 ];
[ 1 1 2 2 1 2 1 2 2 1 2 2 1 2 1 1 2 2 1 1 ];
[ 2 2 1 2 1 1 2 1 1 2 2 1 2 1 2 1 1 2 1 2 ];
[ 1 1 2 1 2 2 1 2 1 2 1 2 2 1 1 2 2 1 2 1 ]
]
solveTime = 8.418999910354614
isOptimal = true
