t = [
[ 2 2 1 2 1 2 1 2 2 1 2 1 1 2 1 1 ];
[ 1 1 2 1 2 1 2 1 1 2 1 2 2 1 2 2 ];
[ 1 2 1 2 2 1 2 2 1 1 2 1 2 2 1 1 ];
[ 2 2 1 2 1 2 1 1 2 1 2 1 1 2 2 1 ];
[ 2 1 2 1 1 2 1 2 1 2 1 2 1 1 2 2 ];
[ 1 2 1 2 2 1 2 1 1 2 2 1 2 2 1 1 ];
[ 1 1 2 1 2 2 1 2 2 1 1 2 2 1 2 1 ];
[ 2 1 2 1 1 2 1 1 2 1 2 2 1 2 1 2 ];
[ 1 2 1 2 1 1 2 2 1 2 2 1 2 1 2 1 ];
[ 1 1 2 1 2 2 1 2 1 2 1 1 2 2 1 2 ];
[ 2 1 2 2 1 1 2 1 2 1 1 2 1 1 2 2 ];
[ 1 2 1 2 2 1 2 1 2 1 2 1 2 1 2 1 ];
[ 2 1 2 1 1 2 1 2 1 2 1 2 1 2 1 2 ];
[ 1 2 1 2 2 1 2 1 2 1 2 2 1 1 2 1 ];
[ 2 1 2 1 1 2 2 1 2 2 1 1 2 1 1 2 ];
[ 2 2 1 1 2 1 1 2 1 2 1 2 1 2 1 2 ]
]
solveTime = 0.8029999732971191
isOptimal = true
