t = [
[ 1 2 1 1 2 1 2 1 2 1 2 1 2 2 1 2 ];
[ 2 1 2 2 1 2 1 1 2 2 1 2 1 1 2 1 ];
[ 1 2 2 1 2 2 1 2 1 1 2 1 2 1 2 1 ];
[ 2 1 1 2 1 1 2 2 1 2 1 2 1 2 1 2 ];
[ 2 1 2 1 2 2 1 1 2 1 1 2 1 2 2 1 ];
[ 1 2 1 2 1 2 1 2 2 1 2 1 2 1 2 1 ];
[ 1 1 2 1 2 1 2 2 1 2 1 2 2 1 1 2 ];
[ 2 2 1 2 1 2 1 1 2 1 2 2 1 2 1 1 ];
[ 1 2 1 2 1 1 2 2 1 2 1 1 2 1 2 2 ];
[ 1 1 2 1 2 1 2 1 1 2 2 1 2 2 1 2 ];
[ 2 1 1 2 1 2 1 2 2 1 1 2 1 2 2 1 ];
[ 1 2 2 1 2 1 2 1 2 1 2 1 2 1 1 2 ];
[ 2 1 2 1 2 2 1 2 1 2 1 2 1 1 2 1 ];
[ 2 2 1 2 1 1 2 1 1 2 2 1 1 2 1 2 ];
[ 1 2 2 1 1 2 1 1 2 1 2 1 2 1 2 2 ];
[ 2 1 1 2 2 1 2 2 1 2 1 2 1 2 1 1 ]
]
solveTime = 0.46399998664855957
isOptimal = true
