t = [
[ 1 1 2 1 2 2 1 1 2 2 1 2 2 1 2 2 1 2 1 1 ];
[ 2 2 1 2 1 1 2 1 2 1 2 1 2 1 1 2 1 1 2 2 ];
[ 2 2 1 1 2 1 1 2 1 2 1 2 1 2 2 1 2 2 1 1 ];
[ 1 1 2 2 1 2 2 1 2 1 2 1 1 2 1 1 2 1 2 2 ];
[ 2 2 1 2 1 1 2 2 1 2 1 1 2 1 2 2 1 2 1 1 ];
[ 2 1 2 1 2 2 1 2 1 1 2 2 1 2 1 1 2 1 1 2 ];
[ 1 2 1 2 2 1 2 1 2 1 2 1 2 1 1 2 2 1 2 1 ];
[ 1 2 2 1 1 2 1 2 1 2 1 2 1 2 2 1 1 2 1 2 ];
[ 2 1 2 2 1 2 1 1 2 1 1 2 2 1 2 1 2 1 2 1 ];
[ 1 2 1 1 2 1 2 2 1 2 2 1 1 2 1 2 1 2 1 2 ];
[ 1 1 2 1 2 1 2 1 1 2 2 1 2 1 1 2 2 1 2 2 ];
[ 2 2 1 2 1 2 1 2 2 1 1 2 1 2 2 1 1 2 1 1 ];
[ 2 1 1 2 1 2 2 1 2 1 1 2 2 1 1 2 1 1 2 2 ];
[ 1 2 2 1 2 1 2 1 1 2 2 1 1 2 2 1 2 2 1 1 ];
[ 1 1 2 2 1 2 1 2 1 1 2 2 1 2 1 2 2 1 1 2 ];
[ 2 2 1 1 2 1 2 1 2 2 1 1 2 1 2 1 1 2 2 1 ];
[ 2 1 2 1 2 1 1 2 2 1 1 2 1 2 1 1 2 1 2 2 ];
[ 1 2 1 2 1 2 1 2 1 1 2 2 1 1 2 2 1 2 1 2 ];
[ 2 1 1 2 1 1 2 1 2 2 1 1 2 2 1 2 1 2 2 1 ];
[ 1 1 2 1 2 2 1 2 1 2 2 1 2 1 2 1 2 1 2 1 ]
]
solveTime = 37.48299980163574
isOptimal = true
