t = [
[ 2 2 1 1 2 1 2 1 2 1 2 1 1 2 2 1 ];
[ 1 2 2 1 1 2 1 2 2 1 1 2 2 1 1 2 ];
[ 2 1 1 2 2 1 2 1 1 2 2 1 2 2 1 1 ];
[ 2 2 1 2 2 1 1 2 2 1 1 2 1 1 2 1 ];
[ 1 1 2 1 1 2 2 1 1 2 1 2 2 1 2 2 ];
[ 2 2 1 2 1 2 1 2 2 1 2 1 1 2 1 1 ];
[ 1 1 2 1 2 1 2 1 1 2 2 1 2 1 2 2 ];
[ 2 2 1 2 1 2 1 1 2 2 1 2 1 2 1 1 ];
[ 1 1 2 2 1 2 1 2 1 1 2 2 1 1 2 2 ];
[ 1 2 2 1 2 1 2 2 1 1 2 1 2 2 1 1 ];
[ 2 1 1 2 1 2 1 1 2 2 1 1 2 1 2 2 ];
[ 1 1 2 1 2 1 2 2 1 2 1 2 1 2 1 2 ];
[ 2 2 1 2 2 1 1 2 1 1 2 1 1 2 2 1 ];
[ 1 1 2 1 1 2 2 1 2 1 1 2 2 1 2 2 ];
[ 1 2 2 1 2 1 2 2 1 2 2 1 1 2 1 1 ];
[ 2 1 1 2 1 2 1 1 2 2 1 2 2 1 1 2 ]
]
solveTime = 0.029000043869018555
isOptimal = true
