t = [
[ 1 1 2 2 1 2 2 1 2 1 1 2 1 2 2 1 2 1 ];
[ 2 2 1 1 2 1 2 1 1 2 1 2 2 1 1 2 1 2 ];
[ 2 1 2 1 2 1 1 2 2 1 2 1 1 2 2 1 1 2 ];
[ 1 2 1 2 1 2 1 2 1 2 1 1 2 2 1 2 2 1 ];
[ 2 1 1 2 2 1 2 1 2 1 2 2 1 1 2 1 2 1 ];
[ 1 2 2 1 2 2 1 2 1 1 2 2 1 1 2 1 1 2 ];
[ 1 2 1 2 1 1 2 1 2 2 1 1 2 2 1 2 2 1 ];
[ 2 1 2 1 1 2 1 2 2 1 1 2 2 1 1 2 1 2 ];
[ 1 2 1 2 2 1 2 1 1 2 2 1 1 2 2 1 2 1 ];
[ 2 1 2 1 1 2 1 2 1 2 1 2 2 1 1 2 2 1 ];
[ 1 2 1 1 2 2 1 2 2 1 1 2 1 2 2 1 1 2 ];
[ 2 1 1 2 1 1 2 1 1 2 2 1 2 1 2 1 2 2 ];
[ 1 2 2 1 2 1 1 2 2 1 2 1 2 2 1 2 1 1 ];
[ 2 1 1 2 1 2 2 1 1 2 1 2 1 1 2 2 1 2 ];
[ 1 2 2 1 1 2 1 2 1 2 2 1 2 2 1 1 2 1 ];
[ 1 2 2 1 2 1 2 1 2 1 1 2 1 1 2 2 1 2 ];
[ 2 1 1 2 2 1 2 2 1 2 2 1 1 2 1 1 2 1 ];
[ 2 1 2 2 1 2 1 1 2 1 2 1 2 1 1 2 1 2 ]
]
solveTime = 75.98300004005432
isOptimal = true
