t = [
[ 2 1 2 2 1 1 2 1 2 1 1 2 1 2 1 2 ];
[ 1 2 2 1 1 2 1 2 1 2 2 1 2 1 2 1 ];
[ 2 1 1 2 2 1 1 2 1 2 1 2 1 2 1 2 ];
[ 1 2 1 2 1 2 2 1 2 1 1 2 2 1 2 1 ];
[ 2 1 2 1 2 1 2 1 1 2 2 1 1 2 1 2 ];
[ 1 2 1 2 1 2 1 2 2 1 2 1 1 2 2 1 ];
[ 2 1 2 1 2 1 1 2 2 1 1 2 2 1 1 2 ];
[ 1 1 2 2 1 2 2 1 1 2 2 1 2 1 2 1 ];
[ 1 2 1 2 2 1 1 2 1 2 1 2 1 2 1 2 ];
[ 2 2 1 1 2 2 1 1 2 1 2 1 2 2 1 1 ];
[ 1 1 2 1 1 2 2 1 2 2 1 2 1 1 2 2 ];
[ 2 1 2 2 1 1 2 2 1 1 2 2 1 1 2 1 ];
[ 2 2 1 1 2 2 1 1 2 2 1 1 2 2 1 1 ];
[ 1 2 1 2 2 1 2 1 2 1 1 2 2 1 1 2 ];
[ 2 1 2 1 1 2 1 2 1 2 2 1 1 2 2 1 ];
[ 1 2 1 1 2 1 2 2 1 1 2 1 2 1 2 2 ]
]
solveTime = 5.200000047683716
isOptimal = true
