t = [
[ 2 2 1 2 2 1 1 2 1 2 1 2 1 1 ];
[ 2 1 2 2 1 1 2 1 2 2 1 2 1 1 ];
[ 1 1 2 1 2 2 1 1 2 1 2 1 2 2 ];
[ 2 2 1 2 2 1 1 2 1 1 2 1 2 1 ];
[ 1 2 2 1 1 2 2 1 1 2 1 2 1 2 ];
[ 1 1 2 1 2 2 1 2 2 1 2 1 1 2 ];
[ 2 1 1 2 1 1 2 2 1 2 1 2 2 1 ];
[ 1 2 2 1 1 2 2 1 1 2 1 1 2 2 ];
[ 1 2 1 1 2 2 1 2 2 1 2 1 1 2 ];
[ 2 1 1 2 2 1 2 2 1 1 2 2 1 1 ];
[ 2 1 2 2 1 1 2 1 2 2 1 1 2 1 ];
[ 1 2 2 1 1 2 1 2 1 1 2 1 2 2 ];
[ 1 2 1 1 2 2 1 1 2 1 2 2 1 2 ];
[ 2 1 1 2 1 1 2 1 2 2 1 2 2 1 ]
]
solveTime = 0.07299995422363281
isOptimal = true
