t = [
[ 1 1 2 2 1 2 1 2 2 1 2 2 1 2 1 1 ];
[ 2 1 2 1 1 2 1 1 2 2 1 2 1 1 2 2 ];
[ 1 2 1 2 2 1 2 2 1 1 2 1 2 2 1 1 ];
[ 1 2 1 2 2 1 2 2 1 2 1 1 2 2 1 1 ];
[ 2 1 2 1 1 2 1 1 2 2 1 2 1 1 2 2 ];
[ 2 2 1 2 2 1 1 2 1 1 2 1 2 2 1 1 ];
[ 1 2 2 1 1 2 2 1 1 2 1 1 2 1 2 2 ];
[ 2 1 2 1 1 2 1 2 2 1 2 2 1 2 1 1 ];
[ 2 1 1 2 2 1 2 1 1 2 1 1 2 1 2 2 ];
[ 1 2 1 2 1 1 2 1 1 2 2 1 2 2 1 2 ];
[ 2 1 2 1 2 2 1 2 2 1 1 2 1 1 2 1 ];
[ 1 2 1 1 2 1 2 1 2 1 2 2 1 1 2 2 ];
[ 2 1 2 2 1 2 1 2 1 2 1 1 2 2 1 1 ];
[ 2 2 1 1 2 1 2 1 2 1 2 2 1 2 1 1 ];
[ 1 2 1 2 1 2 1 1 2 1 2 1 2 1 2 2 ];
[ 1 1 2 1 2 1 2 2 1 2 1 2 1 1 2 2 ]
]
solveTime = 0.13900017738342285
isOptimal = true
