t = [
[ 1 2 1 2 1 2 2 1 2 1 1 2 1 1 2 1 2 1 2 2 ];
[ 1 1 2 2 1 1 2 2 1 2 1 2 2 1 2 2 1 2 1 1 ];
[ 2 2 1 1 2 1 1 2 2 1 2 1 1 2 1 1 2 1 2 2 ];
[ 1 1 2 2 1 2 2 1 2 2 1 1 2 1 2 1 2 2 1 1 ];
[ 1 2 1 1 2 1 2 2 1 1 2 2 1 2 1 2 1 1 2 2 ];
[ 2 1 2 1 2 2 1 1 2 2 1 1 2 2 1 2 1 1 2 1 ];
[ 1 2 1 2 1 1 2 1 1 2 2 1 2 1 2 1 2 2 1 2 ];
[ 2 1 2 1 2 2 1 2 1 1 2 2 1 2 1 1 2 1 2 1 ];
[ 1 2 1 2 2 1 1 2 2 1 1 2 2 1 2 2 1 2 1 1 ];
[ 2 1 2 1 1 2 2 1 1 2 2 1 1 2 1 1 2 2 1 2 ];
[ 1 2 1 1 2 1 2 1 2 2 1 1 2 2 1 2 2 1 2 1 ];
[ 2 1 2 2 1 2 1 2 1 1 2 2 1 1 2 1 1 2 1 2 ];
[ 2 2 1 2 1 2 1 2 1 2 1 2 2 1 1 2 1 1 2 1 ];
[ 1 2 2 1 2 1 2 1 2 1 2 1 1 2 2 1 2 2 1 1 ];
[ 2 1 1 2 1 2 1 1 2 1 1 2 2 1 2 2 1 1 2 2 ];
[ 2 1 1 2 2 1 2 2 1 2 2 1 1 2 1 2 1 2 1 1 ];
[ 1 2 2 1 2 2 1 2 1 2 1 1 2 1 2 1 2 1 1 2 ];
[ 2 1 2 1 1 2 1 1 2 1 2 2 1 2 1 2 1 2 2 1 ];
[ 1 2 1 2 1 1 2 1 2 1 2 2 1 1 2 1 2 2 1 2 ];
[ 2 1 2 1 2 1 1 2 1 2 1 1 2 2 1 2 1 1 2 2 ]
]
solveTime = 90.58899998664856
isOptimal = true
