t = [
[ 1 2 2 1 1 2 2 1 1 2 2 1 1 2 ];
[ 2 2 1 2 1 1 2 1 1 2 2 1 2 1 ];
[ 1 1 2 1 2 2 1 2 2 1 1 2 1 2 ];
[ 2 1 2 1 2 2 1 1 2 1 1 2 2 1 ];
[ 1 2 1 2 1 1 2 2 1 2 2 1 2 1 ];
[ 1 1 2 2 1 2 1 1 2 1 2 2 1 2 ];
[ 2 2 1 1 2 2 1 2 1 2 1 1 2 1 ];
[ 2 1 1 2 1 1 2 1 2 2 1 2 1 2 ];
[ 1 2 2 1 2 1 2 2 1 1 2 1 1 2 ];
[ 2 1 1 2 1 2 1 2 2 1 2 1 2 1 ];
[ 2 1 2 1 2 1 2 1 1 2 1 2 1 2 ];
[ 1 2 1 2 2 1 1 2 2 1 2 1 2 1 ];
[ 1 1 2 2 1 2 1 2 1 2 1 2 2 1 ];
[ 2 2 1 1 2 1 2 1 2 1 1 2 1 2 ]
]
solveTime = 0.11599993705749512
isOptimal = true
