t = [
[ 1 1 2 2 1 2 1 1 2 1 2 2 1 2 2 1 1 2 ];
[ 1 2 2 1 1 2 2 1 1 2 2 1 2 1 1 2 2 1 ];
[ 2 2 1 1 2 1 1 2 2 1 1 2 1 2 1 1 2 2 ];
[ 2 1 1 2 1 2 2 1 1 2 2 1 2 1 2 2 1 1 ];
[ 1 1 2 2 1 1 2 1 2 2 1 2 2 1 2 1 2 1 ];
[ 2 2 1 1 2 1 1 2 2 1 1 2 1 2 1 2 1 2 ];
[ 2 1 2 1 2 2 1 2 1 1 2 1 2 2 1 1 2 1 ];
[ 1 2 1 2 1 2 2 1 2 2 1 1 2 1 2 2 1 1 ];
[ 1 1 2 2 1 1 2 2 1 1 2 2 1 2 2 1 1 2 ];
[ 2 1 2 1 2 2 1 1 2 1 2 1 1 2 1 1 2 2 ];
[ 2 2 1 1 2 1 2 2 1 2 1 1 2 1 1 2 2 1 ];
[ 1 2 1 2 1 2 1 1 2 1 2 2 1 1 2 2 1 2 ];
[ 1 1 2 1 2 2 1 2 1 2 1 2 1 2 2 1 2 1 ];
[ 2 2 1 2 2 1 2 2 1 2 1 1 2 1 1 2 1 1 ];
[ 1 2 1 2 1 1 2 1 2 1 2 1 2 2 1 2 1 2 ];
[ 2 1 2 1 1 2 1 2 2 1 1 2 1 1 2 1 2 2 ];
[ 2 2 1 2 2 1 2 1 1 2 1 2 2 1 1 2 1 1 ];
[ 1 1 2 1 2 1 1 2 1 2 2 1 1 2 2 1 2 2 ]
]
solveTime = 23.609999895095825
isOptimal = true
