t = [
[ 1 1 2 1 2 2 1 1 2 1 2 2 1 2 1 2 1 2 1 2 ];
[ 2 1 2 2 1 1 2 1 2 1 2 1 2 1 2 2 1 1 2 1 ];
[ 2 2 1 1 2 2 1 2 1 2 1 2 1 2 1 1 2 1 1 2 ];
[ 1 1 2 2 1 1 2 1 2 1 2 2 1 1 2 1 2 2 1 2 ];
[ 2 2 1 2 2 1 1 2 1 2 1 1 2 1 2 2 1 1 2 1 ];
[ 2 1 2 1 1 2 1 2 1 2 1 2 1 2 1 2 1 1 2 2 ];
[ 1 2 1 1 2 1 2 1 2 1 2 1 2 2 1 1 2 2 1 2 ];
[ 2 1 2 2 1 1 2 2 1 1 2 2 1 1 2 1 1 2 2 1 ];
[ 2 2 1 2 1 2 1 1 2 2 1 2 1 1 2 2 1 1 2 1 ];
[ 1 1 2 1 2 2 1 2 1 1 2 1 2 2 1 1 2 2 1 2 ];
[ 2 1 1 2 2 1 2 1 1 2 2 1 2 2 1 2 1 1 2 1 ];
[ 1 2 2 1 1 2 1 2 2 1 1 2 1 1 2 1 2 2 1 2 ];
[ 2 2 1 2 1 2 2 1 1 2 1 1 2 2 1 2 1 1 2 1 ];
[ 1 1 2 1 2 1 2 2 1 2 2 1 2 1 2 1 2 2 1 1 ];
[ 2 2 1 2 1 2 1 1 2 1 1 2 1 1 2 2 1 2 1 2 ];
[ 1 1 2 2 1 2 2 1 2 1 2 1 2 2 1 1 2 1 2 1 ];
[ 1 2 1 1 2 1 2 2 1 2 1 2 1 1 2 1 2 1 2 2 ];
[ 2 1 2 1 1 2 1 2 2 1 2 2 1 1 2 2 1 2 1 1 ];
[ 1 2 1 2 2 1 2 1 2 2 1 1 2 2 1 1 2 2 1 1 ];
[ 1 2 1 1 2 1 1 2 1 2 1 1 2 2 1 2 2 1 2 2 ]
]
solveTime = 12.384000062942505
isOptimal = true
