t = [
[ 2 2 1 2 1 2 1 1 2 1 2 1 2 2 1 1 ];
[ 2 1 1 2 1 2 1 2 1 2 1 2 1 1 2 2 ];
[ 1 2 2 1 2 1 2 1 2 1 2 1 1 2 1 2 ];
[ 1 2 2 1 2 1 2 2 1 2 1 1 2 1 2 1 ];
[ 2 1 1 2 1 2 1 1 2 2 1 2 2 1 2 1 ];
[ 1 2 2 1 2 1 1 2 2 1 2 1 1 2 1 2 ];
[ 2 1 2 1 2 1 2 1 1 2 1 2 2 1 2 1 ];
[ 2 1 1 2 1 2 1 1 2 1 2 1 2 2 1 2 ];
[ 1 2 1 2 2 1 2 2 1 2 1 2 1 1 2 1 ];
[ 1 1 2 1 1 2 2 1 1 2 2 1 2 2 1 2 ];
[ 2 1 2 2 1 2 1 2 2 1 1 2 1 1 2 1 ];
[ 1 2 1 1 2 1 2 1 2 1 2 1 2 2 1 2 ];
[ 2 1 1 2 1 2 1 2 1 2 1 2 1 2 1 2 ];
[ 1 2 2 1 2 1 2 2 1 1 2 2 1 1 2 1 ];
[ 2 1 2 1 2 2 1 1 2 1 2 1 2 2 1 1 ];
[ 1 2 1 2 1 1 2 2 1 2 1 2 1 1 2 2 ]
]
solveTime = 0.6549999713897705
isOptimal = true
