t = [
[ 2 2 1 1 2 1 1 2 2 1 1 2 1 2 ];
[ 2 1 2 2 1 2 2 1 2 1 1 2 1 1 ];
[ 1 2 1 1 2 1 1 2 1 2 2 1 2 2 ];
[ 1 1 2 2 1 2 1 2 1 1 2 1 2 2 ];
[ 2 2 1 2 1 1 2 1 2 2 1 2 1 1 ];
[ 2 1 2 1 2 2 1 1 2 1 1 2 1 2 ];
[ 1 1 2 1 2 2 1 2 1 2 2 1 2 1 ];
[ 1 2 1 2 1 1 2 1 2 2 1 2 1 2 ];
[ 2 2 1 1 2 1 2 2 1 1 2 1 2 1 ];
[ 1 1 2 2 1 2 1 2 1 2 2 1 1 2 ];
[ 2 2 1 1 2 1 2 1 2 1 1 2 2 1 ];
[ 1 2 1 2 2 1 2 1 1 2 2 1 2 1 ];
[ 1 1 2 2 1 2 1 2 1 2 2 1 1 2 ];
[ 2 1 2 1 1 2 2 1 2 1 1 2 2 1 ]
]
solveTime = 1.4649999141693115
isOptimal = true
