t = [
[ 1 2 1 2 1 2 2 1 2 1 2 2 1 1 2 1 2 1 ];
[ 1 2 2 1 2 1 2 2 1 2 1 1 2 2 1 2 1 1 ];
[ 2 1 2 1 1 2 1 1 2 2 1 2 2 1 1 2 1 2 ];
[ 2 1 1 2 1 1 2 2 1 1 2 2 1 2 2 1 2 1 ];
[ 1 2 1 1 2 1 1 2 1 2 2 1 2 2 1 1 2 2 ];
[ 2 1 2 1 2 2 1 1 2 1 1 2 1 1 2 2 1 2 ];
[ 1 1 2 2 1 2 2 1 2 1 1 2 2 1 2 1 2 1 ];
[ 1 2 1 1 2 1 2 2 1 2 2 1 1 2 1 2 1 2 ];
[ 2 2 1 2 1 2 1 1 2 1 1 2 1 2 2 1 2 1 ];
[ 2 1 2 2 1 2 1 2 1 1 2 1 2 1 1 2 1 2 ];
[ 1 2 2 1 2 1 2 2 1 2 1 1 2 1 2 1 2 1 ];
[ 2 1 1 2 1 1 2 1 2 2 1 2 1 2 1 2 1 2 ];
[ 2 1 2 1 2 2 1 1 2 1 2 1 2 1 2 1 2 1 ];
[ 1 2 2 1 1 2 1 2 1 2 2 1 2 2 1 1 2 1 ];
[ 1 2 1 2 2 1 2 1 2 1 1 2 1 2 1 2 1 2 ];
[ 2 1 2 1 1 2 1 1 2 2 1 1 2 1 2 2 1 2 ];
[ 1 2 1 2 2 1 2 2 1 1 2 2 1 1 2 1 2 1 ];
[ 2 1 1 2 2 1 1 2 1 2 2 1 1 2 1 2 1 2 ]
]
solveTime = 4.989000082015991
isOptimal = true
