t = [
[ 1 2 1 2 2 1 2 2 1 1 2 2 1 2 1 1 2 1 ];
[ 1 2 1 2 1 2 2 1 1 2 1 1 2 2 1 2 2 1 ];
[ 2 1 2 1 1 2 1 1 2 2 1 2 2 1 2 1 1 2 ];
[ 2 1 2 1 2 1 2 2 1 1 2 1 1 2 1 2 2 1 ];
[ 1 2 1 2 1 2 1 2 1 2 2 1 1 2 2 1 1 2 ];
[ 2 2 1 1 2 1 2 1 2 1 1 2 2 1 2 1 2 1 ];
[ 1 1 2 1 2 2 1 1 2 2 1 2 2 1 1 2 1 2 ];
[ 2 1 2 2 1 1 2 2 1 2 2 1 1 2 1 1 2 1 ];
[ 1 2 1 2 2 1 1 2 2 1 1 2 1 2 2 1 1 2 ];
[ 2 1 2 1 1 2 1 1 2 1 2 1 2 1 2 2 1 2 ];
[ 2 2 1 2 1 1 2 2 1 2 2 1 1 2 1 1 2 1 ];
[ 1 1 2 1 2 1 1 2 2 1 1 2 2 1 2 2 1 2 ];
[ 2 2 1 2 1 2 2 1 1 2 1 1 2 1 2 2 1 1 ];
[ 1 1 2 1 1 2 2 1 2 1 2 2 1 2 1 1 2 2 ];
[ 2 1 1 2 2 1 1 2 1 2 1 2 2 1 2 2 1 1 ];
[ 1 2 2 1 2 2 1 1 2 1 2 1 1 2 1 2 1 2 ];
[ 1 2 1 2 1 1 2 2 1 1 2 2 1 1 2 1 2 2 ];
[ 2 1 2 1 2 2 1 1 2 2 1 1 2 1 1 2 2 1 ]
]
solveTime = 47.188000202178955
isOptimal = true
