t = [
[ 1 1 2 2 1 2 1 1 2 1 2 2 1 2 2 1 1 2 1 2 ];
[ 2 2 1 2 1 1 2 2 1 1 2 1 1 2 2 1 2 1 2 1 ];
[ 2 1 2 1 2 1 1 2 1 2 1 2 2 1 1 2 1 2 1 2 ];
[ 1 1 2 1 1 2 2 1 2 1 2 1 2 1 2 1 2 1 2 2 ];
[ 2 2 1 2 2 1 1 2 2 1 1 2 1 2 1 1 2 2 1 1 ];
[ 2 1 2 1 2 2 1 2 1 2 1 2 1 2 1 2 1 1 2 1 ];
[ 1 2 1 2 1 1 2 1 2 1 2 1 2 1 2 2 1 1 2 2 ];
[ 2 2 1 1 2 2 1 2 1 1 2 1 1 2 1 1 2 2 1 2 ];
[ 1 1 2 2 1 2 1 1 2 2 1 2 2 1 2 2 1 1 2 1 ];
[ 1 2 1 1 2 1 2 2 1 1 2 2 1 2 1 2 2 1 1 2 ];
[ 2 1 2 1 2 1 2 1 2 2 1 1 2 1 2 1 1 2 2 1 ];
[ 1 2 1 2 1 2 1 2 1 2 1 2 1 1 2 2 1 2 1 2 ];
[ 2 1 1 2 2 1 2 1 2 1 2 2 1 2 1 1 2 1 2 1 ];
[ 1 2 2 1 2 1 2 1 2 2 1 1 2 1 2 2 1 1 2 1 ];
[ 2 1 2 1 1 2 1 2 1 1 2 2 1 2 1 1 2 2 1 2 ];
[ 2 1 1 2 1 2 2 1 1 2 2 1 2 2 1 2 1 2 1 1 ];
[ 1 2 1 2 2 1 2 1 2 2 1 1 2 1 2 1 2 1 2 1 ];
[ 2 1 2 1 1 2 1 2 1 1 2 2 1 2 1 2 1 2 1 2 ];
[ 1 2 2 1 1 2 1 1 2 2 1 1 2 1 2 1 2 2 1 2 ];
[ 1 2 1 2 2 1 2 2 1 2 1 1 2 1 1 2 2 1 2 1 ]
]
solveTime = 70.06900000572205
isOptimal = true
