t = [
[ 1 2 2 1 1 2 1 2 2 1 2 1 1 2 1 1 2 2 ];
[ 2 1 1 2 2 1 2 1 1 2 1 2 1 2 2 1 1 2 ];
[ 2 1 2 1 2 2 1 2 2 1 2 1 2 1 1 2 1 1 ];
[ 1 2 1 2 1 1 2 1 2 2 1 2 1 1 2 1 2 2 ];
[ 2 1 1 2 2 1 2 1 1 2 2 1 2 2 1 1 2 1 ];
[ 1 2 2 1 1 2 1 2 2 1 1 2 1 1 2 2 1 2 ];
[ 1 1 2 2 1 2 2 1 1 2 1 1 2 2 1 2 2 1 ];
[ 2 2 1 1 2 1 2 1 1 2 2 1 2 2 1 1 2 1 ];
[ 1 2 1 1 2 2 1 2 2 1 1 2 1 1 2 2 1 2 ];
[ 2 1 2 2 1 1 2 2 1 1 2 2 1 2 1 2 1 1 ];
[ 1 2 1 1 2 2 1 1 2 2 1 1 2 1 2 1 2 2 ];
[ 2 1 1 2 2 1 1 2 2 1 2 2 1 2 1 1 2 1 ];
[ 1 2 2 1 1 2 2 1 1 2 2 1 2 1 2 2 1 1 ];
[ 1 2 1 2 2 1 1 2 2 1 1 2 2 1 1 2 1 2 ];
[ 2 1 2 2 1 2 1 2 1 1 2 1 1 2 2 1 2 1 ];
[ 1 2 1 1 2 1 2 1 2 2 1 2 2 1 1 2 2 1 ];
[ 2 1 2 1 1 2 1 2 1 1 2 1 2 1 2 2 1 2 ];
[ 2 1 2 2 1 1 2 1 1 2 1 2 1 2 2 1 1 2 ]
]
solveTime = 28.604000091552734
isOptimal = true
