t = [
[ 2 1 1 2 1 2 2 1 2 1 1 2 1 2 2 1 1 2 ];
[ 1 2 1 1 2 1 2 2 1 2 2 1 2 1 2 1 2 1 ];
[ 2 1 2 1 1 2 1 2 1 2 1 2 1 2 1 2 1 2 ];
[ 1 2 1 2 2 1 2 1 2 1 1 2 2 1 2 2 1 1 ];
[ 1 2 2 1 2 1 1 2 1 2 2 1 1 2 1 1 2 2 ];
[ 2 1 2 1 1 2 2 1 2 1 1 2 2 1 1 2 2 1 ];
[ 2 1 1 2 1 2 1 1 2 2 1 1 2 1 2 2 1 2 ];
[ 1 2 2 1 2 1 2 2 1 2 2 1 1 2 1 1 2 1 ];
[ 2 2 1 1 2 2 1 1 2 1 1 2 1 2 2 1 1 2 ];
[ 2 1 2 2 1 2 1 2 1 1 2 1 2 1 1 2 2 1 ];
[ 1 2 1 2 2 1 2 1 1 2 1 2 2 1 2 2 1 1 ];
[ 2 1 2 1 1 2 1 2 2 1 2 1 1 2 1 1 2 2 ];
[ 2 1 1 2 2 1 2 1 2 1 2 2 1 1 2 2 1 1 ];
[ 1 2 2 1 2 2 1 2 1 2 1 1 2 2 1 1 2 1 ];
[ 1 2 1 2 1 1 2 2 1 2 2 1 2 1 1 2 1 2 ];
[ 2 1 2 1 1 2 1 1 2 1 1 2 1 2 2 1 2 2 ];
[ 1 2 1 2 2 1 1 2 1 2 2 1 2 1 2 1 2 1 ];
[ 1 1 2 2 1 1 2 1 2 1 2 2 1 2 1 2 1 2 ]
]
solveTime = 8.534000158309937
isOptimal = true
