t = [
[ 1 2 1 1 2 2 1 2 1 2 1 2 1 2 1 1 2 2 ];
[ 1 2 1 2 1 2 1 2 2 1 1 2 2 1 2 1 1 2 ];
[ 2 1 2 1 2 1 2 1 1 2 2 1 1 2 1 2 2 1 ];
[ 1 2 2 1 2 2 1 1 2 1 1 2 2 1 2 1 2 1 ];
[ 2 2 1 2 1 1 2 2 1 1 2 1 1 2 1 2 1 2 ];
[ 2 1 2 2 1 2 1 1 2 2 1 1 2 1 2 2 1 1 ];
[ 1 1 2 1 2 1 1 2 1 2 1 2 2 1 2 1 2 2 ];
[ 2 2 1 2 1 1 2 1 2 1 2 1 1 2 1 2 2 1 ];
[ 1 1 2 1 2 2 1 2 2 1 2 1 2 1 2 1 1 2 ];
[ 2 2 1 2 1 1 2 2 1 2 1 2 1 1 2 2 1 1 ];
[ 1 1 2 2 1 2 1 1 2 2 1 1 2 2 1 1 2 2 ];
[ 2 2 1 1 2 1 2 1 2 1 2 2 1 1 2 1 1 2 ];
[ 1 2 1 2 1 2 1 2 1 2 2 1 2 2 1 2 1 1 ];
[ 2 1 2 1 1 2 2 1 2 1 1 2 2 1 1 2 2 1 ];
[ 2 1 1 2 2 1 2 1 1 2 2 1 1 2 2 1 1 2 ];
[ 1 2 2 1 2 2 1 2 1 1 2 1 2 1 1 2 1 2 ];
[ 2 1 1 2 1 1 2 1 2 2 1 2 1 2 1 2 2 1 ];
[ 1 1 2 1 2 1 2 2 1 1 2 2 1 2 2 1 2 1 ]
]
solveTime = 23.938999891281128
isOptimal = true
