t = [
[ 2 2 1 1 2 1 2 1 2 1 2 1 2 1 1 2 2 1 ];
[ 1 1 2 2 1 2 2 1 1 2 2 1 1 2 1 1 2 2 ];
[ 2 1 2 1 1 2 1 2 1 2 1 2 2 1 2 2 1 1 ];
[ 1 2 1 2 2 1 2 1 2 1 1 2 1 2 1 1 2 2 ];
[ 2 1 2 1 2 1 1 2 1 2 2 1 1 2 2 1 2 1 ];
[ 1 2 1 2 1 2 1 2 1 2 1 2 2 1 1 2 1 2 ];
[ 2 2 1 2 2 1 2 1 2 1 1 2 1 1 2 1 1 2 ];
[ 2 1 2 1 1 2 1 2 1 2 2 1 1 2 1 2 2 1 ];
[ 1 2 1 1 2 2 1 2 2 1 2 1 2 2 1 2 1 1 ];
[ 2 1 2 2 1 1 2 1 2 1 1 2 2 1 2 1 1 2 ];
[ 2 1 1 2 2 1 1 2 1 2 1 2 1 2 2 1 2 1 ];
[ 1 2 2 1 1 2 2 1 2 1 2 1 1 2 1 2 2 1 ];
[ 1 2 1 2 1 2 1 1 2 1 1 2 2 1 2 2 1 2 ];
[ 2 1 2 1 2 1 1 2 1 2 2 1 2 1 2 1 1 2 ];
[ 1 1 2 2 1 2 2 1 1 2 1 2 1 2 1 2 2 1 ];
[ 2 2 1 2 1 1 2 1 2 1 1 2 2 1 1 2 1 2 ];
[ 1 2 1 1 2 2 1 2 2 1 2 1 2 1 2 1 1 2 ];
[ 1 1 2 1 2 1 2 2 1 2 2 1 1 2 2 1 2 1 ]
]
solveTime = 26.28500008583069
isOptimal = true
