t = [
[ 2 1 1 2 1 2 1 1 2 2 1 1 2 1 2 2 ];
[ 2 1 2 1 1 2 1 1 2 1 2 1 2 1 2 2 ];
[ 1 2 1 2 2 1 2 2 1 1 2 2 1 2 1 1 ];
[ 1 2 1 2 2 1 2 2 1 2 1 1 2 2 1 1 ];
[ 2 1 2 1 1 2 1 1 2 2 1 2 1 1 2 2 ];
[ 1 2 1 2 1 2 1 2 2 1 2 1 2 2 1 1 ];
[ 1 1 2 1 2 1 2 1 1 2 1 2 2 1 2 2 ];
[ 2 1 2 1 1 2 1 2 2 1 2 2 1 2 1 1 ];
[ 1 2 1 2 2 1 2 2 1 2 1 1 2 1 2 1 ];
[ 1 2 2 1 2 1 2 1 1 2 1 2 1 2 1 2 ];
[ 2 1 2 2 1 2 1 2 2 1 2 1 1 2 1 1 ];
[ 1 2 1 1 2 2 1 1 2 1 2 1 2 1 2 2 ];
[ 2 1 2 2 1 1 2 2 1 2 1 2 1 2 1 1 ];
[ 2 1 1 2 2 1 2 2 1 1 2 2 1 2 1 1 ];
[ 1 2 2 1 1 2 1 1 2 1 2 1 2 1 2 2 ];
[ 2 2 1 1 2 1 2 1 1 2 1 2 1 1 2 2 ]
]
solveTime = 19.052000045776367
isOptimal = true
