t = [
[ 2 2 1 2 1 1 2 1 1 2 1 2 2 1 ];
[ 2 2 1 2 1 1 2 2 1 1 2 2 1 1 ];
[ 1 1 2 1 2 2 1 1 2 2 1 1 2 2 ];
[ 2 1 1 2 1 2 1 2 1 2 2 1 2 1 ];
[ 1 2 1 1 2 1 2 1 2 1 2 2 1 2 ];
[ 2 1 2 2 1 1 2 2 1 2 1 2 1 1 ];
[ 2 1 1 2 1 2 1 2 2 1 2 1 2 1 ];
[ 1 2 2 1 2 1 2 1 1 2 2 1 1 2 ];
[ 1 2 1 2 2 1 1 2 2 1 1 2 1 2 ];
[ 2 1 2 1 1 2 2 1 2 2 1 1 2 1 ];
[ 1 1 2 1 2 2 1 2 1 1 2 2 1 2 ];
[ 1 2 1 2 2 1 2 1 1 2 1 1 2 2 ];
[ 2 1 2 1 1 2 1 2 2 1 1 2 2 1 ];
[ 1 2 2 1 2 2 1 1 2 1 2 1 1 2 ]
]
solveTime = 0.1790001392364502
isOptimal = true
