t = [
[ 1 1 2 2 1 2 1 1 2 1 1 2 2 1 2 2 ];
[ 2 2 1 2 1 2 1 2 1 2 1 1 2 1 1 2 ];
[ 1 1 2 1 2 1 2 1 2 1 2 2 1 2 2 1 ];
[ 1 2 1 1 2 1 2 2 1 2 2 1 2 1 2 1 ];
[ 2 1 1 2 1 2 1 2 2 1 1 2 1 2 1 2 ];
[ 1 1 2 2 1 2 2 1 1 2 2 1 1 2 1 2 ];
[ 1 2 2 1 2 1 2 1 2 1 2 1 2 1 2 1 ];
[ 2 2 1 1 2 1 1 2 2 1 1 2 1 2 1 2 ];
[ 2 1 1 2 1 2 1 2 1 2 2 1 2 1 2 1 ];
[ 1 2 2 1 2 1 2 1 1 2 2 1 2 2 1 1 ];
[ 1 1 2 2 1 2 1 2 2 1 1 2 1 1 2 2 ];
[ 2 2 1 1 2 1 1 2 2 1 2 1 2 1 1 2 ];
[ 2 1 2 1 1 2 2 1 1 2 1 2 1 2 2 1 ];
[ 1 2 1 2 1 1 2 2 1 1 2 2 1 2 1 2 ];
[ 2 1 2 1 2 2 1 1 2 2 1 1 2 1 2 1 ];
[ 2 2 1 2 2 1 2 1 1 2 1 2 1 2 1 1 ]
]
solveTime = 0.7879998683929443
isOptimal = true
