t = [
[ 2 1 1 2 1 2 1 2 1 1 2 1 2 2 ];
[ 2 1 1 2 1 1 2 2 1 2 1 1 2 2 ];
[ 1 2 2 1 2 2 1 1 2 1 2 2 1 1 ];
[ 1 1 2 2 1 1 2 2 1 2 2 1 2 1 ];
[ 2 1 1 2 1 2 1 2 2 1 1 2 1 2 ];
[ 1 2 2 1 2 2 1 1 2 1 1 2 2 1 ];
[ 2 1 2 2 1 1 2 1 1 2 2 1 2 1 ];
[ 1 2 1 1 2 1 2 2 1 2 1 2 1 2 ];
[ 2 2 1 1 2 2 1 1 2 1 1 2 2 1 ];
[ 2 1 2 2 1 2 1 2 1 1 2 1 1 2 ];
[ 1 2 2 1 2 1 2 1 2 2 1 2 1 1 ];
[ 1 2 1 2 2 1 1 2 1 2 2 1 2 1 ];
[ 2 1 2 1 1 2 2 1 2 1 2 1 1 2 ];
[ 1 2 1 1 2 1 2 1 2 2 1 2 1 2 ]
]
solveTime = 0.023000001907348633
isOptimal = true
