t = [
[ 1 2 1 1 2 2 1 1 2 1 1 2 1 2 2 1 2 2 ];
[ 1 2 1 2 2 1 2 1 1 2 2 1 2 1 2 1 1 2 ];
[ 2 1 2 1 1 2 1 2 2 1 1 2 2 1 1 2 2 1 ];
[ 2 1 2 2 1 1 2 1 2 1 1 2 1 2 1 2 2 1 ];
[ 1 2 1 1 2 1 2 2 1 2 2 1 1 2 2 1 1 2 ];
[ 2 1 2 1 2 2 1 1 2 1 1 2 2 1 1 2 2 1 ];
[ 2 2 1 2 1 1 2 1 1 2 2 1 2 1 1 2 1 2 ];
[ 1 2 2 1 2 1 2 2 1 1 2 1 1 2 2 1 2 1 ];
[ 2 1 1 2 1 2 1 1 2 2 1 2 1 2 2 1 1 2 ];
[ 1 1 2 2 1 2 1 2 2 1 2 1 2 1 1 2 1 2 ];
[ 1 2 2 1 2 1 2 2 1 2 1 1 2 1 2 1 2 1 ];
[ 2 2 1 1 2 2 1 1 2 1 2 2 1 2 1 2 1 1 ];
[ 2 1 1 2 1 2 1 2 1 2 1 2 1 1 2 2 1 2 ];
[ 1 2 2 1 2 1 2 2 1 2 1 1 2 2 1 1 2 1 ];
[ 2 1 1 2 1 1 2 1 2 1 2 1 2 2 1 1 2 2 ];
[ 2 1 2 2 1 2 1 1 2 1 2 2 1 1 2 2 1 1 ];
[ 1 2 1 1 2 2 1 2 1 2 1 2 2 1 2 1 1 2 ];
[ 1 1 2 2 1 1 2 2 1 2 2 1 1 2 1 2 2 1 ]
]
solveTime = 16.19599986076355
isOptimal = true
