t = [
[ 1 2 2 1 2 2 1 2 1 1 2 1 1 2 ];
[ 2 2 1 2 1 1 2 1 1 2 1 2 2 1 ];
[ 1 1 2 1 2 2 1 2 2 1 2 2 1 1 ];
[ 1 1 2 1 2 2 1 2 1 2 1 1 2 2 ];
[ 2 2 1 2 1 1 2 1 1 2 1 2 2 1 ];
[ 1 2 2 1 2 1 2 1 2 1 2 1 1 2 ];
[ 2 1 1 2 1 2 1 2 1 2 2 1 2 1 ];
[ 2 1 1 2 1 1 2 1 2 2 1 2 1 2 ];
[ 1 2 2 1 2 2 1 1 2 1 2 2 1 1 ];
[ 2 2 1 2 1 1 2 2 1 1 2 1 2 1 ];
[ 1 1 2 1 2 1 2 1 2 2 1 2 1 2 ];
[ 1 2 1 2 1 2 1 2 2 1 2 1 2 1 ];
[ 2 1 1 2 1 2 1 2 1 2 1 1 2 2 ];
[ 2 1 2 1 2 1 2 1 2 1 1 2 1 2 ]
]
solveTime = 0.0559999942779541
isOptimal = true
