t = [
[ 1 2 2 1 2 1 1 2 1 1 2 2 1 2 1 2 1 2 1 2 ];
[ 1 2 1 2 1 1 2 1 2 1 2 1 2 1 2 2 1 2 2 1 ];
[ 2 1 2 1 2 2 1 2 1 2 1 2 1 2 1 1 2 1 1 2 ];
[ 1 2 1 2 1 2 2 1 2 1 2 1 1 2 2 1 2 2 1 1 ];
[ 2 2 1 1 2 1 2 1 1 2 2 1 2 1 1 2 1 2 2 1 ];
[ 2 1 2 2 1 2 1 2 1 2 1 2 1 2 1 1 2 1 1 2 ];
[ 1 2 1 2 1 1 2 1 2 1 1 2 2 1 2 1 2 2 1 2 ];
[ 2 1 2 1 2 2 1 2 2 1 2 1 1 2 1 2 1 1 2 1 ];
[ 2 1 1 2 1 2 2 1 1 2 2 1 2 1 1 2 1 2 2 1 ];
[ 1 2 1 2 2 1 2 1 2 1 1 2 1 2 2 1 2 1 1 2 ];
[ 2 1 2 1 2 2 1 2 1 2 1 1 2 1 1 2 2 1 2 1 ];
[ 2 1 2 1 1 2 1 2 2 1 2 1 1 2 2 1 1 2 1 2 ];
[ 1 2 1 2 1 1 2 1 2 2 1 2 2 1 1 2 1 1 2 2 ];
[ 2 1 2 1 2 1 2 1 1 2 1 2 2 1 2 1 2 2 1 1 ];
[ 1 2 1 1 2 2 1 2 2 1 2 1 1 2 1 2 1 1 2 2 ];
[ 2 1 2 2 1 1 2 1 2 2 1 1 2 1 2 1 1 2 2 1 ];
[ 1 2 1 2 2 1 1 2 1 1 2 2 1 2 2 1 2 1 1 2 ];
[ 1 2 2 1 1 2 1 2 1 1 2 2 1 2 1 2 2 1 2 1 ];
[ 2 1 1 2 1 1 2 1 2 2 1 1 2 1 2 2 1 2 1 2 ];
[ 1 1 2 1 2 2 1 2 1 2 1 2 2 1 2 1 2 1 2 1 ]
]
solveTime = 35.22499990463257
isOptimal = true
