t = [
[ 2 1 2 1 1 2 1 2 1 1 2 1 2 2 ];
[ 2 2 1 2 2 1 2 1 1 2 1 2 1 1 ];
[ 1 1 2 1 1 2 2 1 2 1 2 1 2 2 ];
[ 1 2 1 2 2 1 1 2 2 1 1 2 2 1 ];
[ 2 2 1 2 1 1 2 1 1 2 1 2 1 2 ];
[ 1 1 2 1 2 2 1 2 2 1 2 1 1 2 ];
[ 2 1 1 2 1 2 1 2 1 2 2 1 2 1 ];
[ 2 2 1 2 2 1 2 1 2 1 1 2 1 1 ];
[ 1 2 2 1 2 1 1 2 1 2 2 1 1 2 ];
[ 2 1 1 2 1 2 2 1 2 1 2 1 2 1 ];
[ 1 1 2 1 1 2 2 1 2 2 1 2 1 2 ];
[ 2 2 1 2 2 1 1 2 1 1 2 1 2 1 ];
[ 1 2 2 1 1 2 1 2 1 2 1 2 2 1 ];
[ 1 1 2 1 2 1 2 1 2 2 1 2 1 2 ]
]
solveTime = 0.10399985313415527
isOptimal = true
