t = [
[ 2 1 2 1 1 2 1 2 1 2 2 1 1 2 1 2 ];
[ 2 1 2 1 1 2 1 1 2 2 1 2 1 1 2 2 ];
[ 1 2 1 2 2 1 2 2 1 1 2 1 2 2 1 1 ];
[ 1 2 1 1 2 1 2 2 1 2 1 2 2 1 1 2 ];
[ 2 1 2 2 1 2 1 1 2 1 1 2 1 1 2 2 ];
[ 1 2 2 1 1 2 2 1 2 1 2 1 2 2 1 1 ];
[ 1 2 1 2 2 1 2 2 1 2 1 1 2 1 2 1 ];
[ 2 1 1 2 1 2 1 1 2 1 2 2 1 2 1 2 ];
[ 1 2 2 1 2 1 2 1 2 2 1 1 2 1 2 1 ];
[ 1 2 1 2 2 1 1 2 1 2 1 1 2 2 1 2 ];
[ 2 1 2 1 1 2 1 2 2 1 2 2 1 1 2 1 ];
[ 1 2 2 1 2 1 2 1 2 1 2 2 1 1 2 1 ];
[ 2 1 1 2 1 2 1 2 1 2 1 1 2 2 1 2 ];
[ 1 2 1 1 2 1 2 2 1 1 2 2 1 2 2 1 ];
[ 2 1 2 2 1 2 1 1 2 1 2 1 2 1 2 1 ];
[ 2 1 1 2 2 1 2 1 1 2 1 2 1 2 1 2 ]
]
solveTime = 0.5060000419616699
isOptimal = true
