t = [
[ 2 1 1 2 1 2 2 1 1 2 2 1 2 2 1 1 ];
[ 2 1 2 1 2 2 1 1 2 2 1 1 2 1 1 2 ];
[ 1 2 1 2 2 1 1 2 2 1 1 2 1 2 2 1 ];
[ 2 1 1 2 1 1 2 2 1 1 2 2 1 1 2 2 ];
[ 2 1 2 1 1 2 2 1 1 2 2 1 2 1 1 2 ];
[ 1 2 1 2 2 1 1 2 2 1 1 2 1 2 2 1 ];
[ 1 2 2 1 2 1 2 2 1 2 1 2 1 1 2 1 ];
[ 2 1 1 2 1 2 1 1 2 1 2 1 2 2 1 2 ];
[ 2 2 1 2 1 1 2 1 1 2 2 1 2 1 2 1 ];
[ 1 2 2 1 2 1 2 2 1 2 1 2 1 2 1 1 ];
[ 1 1 2 1 1 2 1 2 2 1 2 2 1 2 1 2 ];
[ 2 1 1 2 1 2 2 1 2 1 2 1 2 1 2 1 ];
[ 1 2 2 1 2 1 1 2 1 2 1 1 2 1 2 2 ];
[ 1 1 2 2 1 2 1 1 2 2 1 2 1 2 1 2 ];
[ 2 2 1 1 2 1 2 2 1 1 2 1 2 2 1 1 ];
[ 1 2 2 1 2 2 1 1 2 1 1 2 1 1 2 2 ]
]
solveTime = 1.9549999237060547
isOptimal = true
