t = [
[ 1 2 2 1 2 2 1 1 2 1 2 1 2 2 1 1 ];
[ 1 1 2 2 1 2 1 1 2 2 1 1 2 1 2 2 ];
[ 2 2 1 2 1 1 2 2 1 1 2 2 1 2 1 1 ];
[ 1 2 2 1 2 1 2 2 1 2 1 1 2 2 1 1 ];
[ 2 1 2 1 1 2 1 1 2 2 1 2 1 1 2 2 ];
[ 2 2 1 2 1 2 1 2 2 1 2 1 1 2 1 1 ];
[ 1 1 2 1 2 1 2 2 1 2 1 2 2 1 1 2 ];
[ 2 1 1 2 1 2 1 1 2 1 2 2 1 2 2 1 ];
[ 1 2 1 1 2 1 2 2 1 2 1 1 2 1 2 2 ];
[ 2 1 2 1 2 1 1 2 2 1 2 2 1 2 1 1 ];
[ 2 1 1 2 1 2 2 1 1 2 1 2 1 1 2 2 ];
[ 1 2 1 1 2 1 2 1 2 1 2 1 2 1 2 2 ];
[ 2 1 2 2 1 2 1 2 1 2 1 1 2 2 1 1 ];
[ 1 2 2 1 2 1 2 2 1 1 2 2 1 2 1 1 ];
[ 2 1 1 2 1 2 1 1 2 1 2 2 1 1 2 2 ];
[ 1 2 1 2 2 1 2 1 1 2 1 1 2 1 2 2 ]
]
solveTime = 3.688999891281128
isOptimal = true
