t = [
[ 1 2 1 2 1 1 2 2 1 1 2 1 2 2 1 2 ];
[ 1 2 2 1 1 2 2 1 2 2 1 2 1 1 2 1 ];
[ 2 1 1 2 2 1 1 2 2 1 2 1 1 2 2 1 ];
[ 1 2 1 1 2 1 2 2 1 2 1 1 2 2 1 2 ];
[ 2 1 2 1 1 2 2 1 2 1 1 2 2 1 1 2 ];
[ 2 1 1 2 2 1 1 2 1 1 2 2 1 2 2 1 ];
[ 1 2 2 1 2 2 1 1 2 2 1 1 2 2 1 1 ];
[ 2 1 1 2 1 1 2 2 1 1 2 2 1 1 2 2 ];
[ 1 2 1 2 2 1 2 1 1 2 2 1 2 1 2 1 ];
[ 2 1 2 1 1 2 1 1 2 2 1 2 1 2 1 2 ];
[ 2 1 2 1 2 2 1 2 1 1 2 2 1 1 2 1 ];
[ 1 2 1 2 2 1 2 1 2 2 1 1 2 2 1 1 ];
[ 1 2 2 1 1 2 1 2 1 1 2 2 1 1 2 2 ];
[ 2 1 1 2 1 1 2 2 1 1 2 1 2 2 1 2 ];
[ 1 2 2 1 2 2 1 1 2 2 1 2 1 1 2 1 ];
[ 2 1 2 2 1 2 1 1 2 2 1 1 2 1 1 2 ]
]
solveTime = 4.555999994277954
isOptimal = true
