t = [
[ 1 2 1 2 2 1 2 1 2 1 1 2 1 2 ];
[ 1 1 2 2 1 2 1 2 1 2 1 1 2 2 ];
[ 2 1 2 1 1 2 2 1 2 1 2 1 2 1 ];
[ 2 2 1 2 2 1 2 1 1 2 1 2 1 1 ];
[ 1 2 1 2 2 1 1 2 1 2 1 2 1 2 ];
[ 2 1 2 1 1 2 1 2 2 1 2 1 2 1 ];
[ 2 1 2 1 1 2 2 1 1 2 2 1 2 1 ];
[ 1 2 1 2 2 1 1 2 2 1 1 2 1 2 ];
[ 1 2 2 1 2 2 1 1 2 1 1 2 1 2 ];
[ 2 1 1 2 1 1 2 2 1 2 2 1 2 1 ];
[ 2 2 1 1 2 2 1 2 1 1 2 1 2 1 ];
[ 1 1 2 2 1 1 2 1 2 2 1 2 1 2 ];
[ 1 1 2 1 1 2 2 1 1 2 2 1 2 2 ];
[ 2 2 1 1 2 1 1 2 2 1 2 2 1 1 ]
]
solveTime = 0.05500006675720215
isOptimal = true
