t = [
[ 2 1 2 1 1 2 1 2 2 1 2 1 2 1 ];
[ 2 2 1 1 2 1 2 1 1 2 1 1 2 2 ];
[ 1 1 2 2 1 2 1 2 2 1 2 2 1 1 ];
[ 1 1 2 1 2 1 2 1 2 2 1 1 2 2 ];
[ 2 2 1 2 1 1 2 1 1 2 1 2 2 1 ];
[ 1 1 2 1 2 2 1 2 2 1 2 2 1 1 ];
[ 2 1 1 2 1 2 1 2 1 1 2 1 2 2 ];
[ 1 2 1 2 1 1 2 1 2 2 1 2 1 2 ];
[ 1 2 2 1 2 2 1 1 2 2 1 2 1 1 ];
[ 2 1 1 2 2 1 2 2 1 1 2 1 2 1 ];
[ 2 2 1 2 1 1 2 1 1 2 1 2 1 2 ];
[ 1 2 2 1 2 2 1 1 2 1 2 1 2 1 ];
[ 2 1 2 1 2 2 1 2 1 1 2 1 1 2 ];
[ 1 2 1 2 1 1 2 2 1 2 1 2 1 2 ]
]
solveTime = 0.08599996566772461
isOptimal = true
