t = [
[ 1 1 2 1 2 2 1 1 2 2 1 2 1 1 2 1 2 2 1 2 ];
[ 2 2 1 2 1 2 2 1 1 2 1 1 2 1 2 1 1 2 2 1 ];
[ 1 1 2 1 2 1 1 2 2 1 2 2 1 2 1 2 2 1 1 2 ];
[ 2 1 2 1 1 2 2 1 2 2 1 1 2 1 2 1 1 2 1 2 ];
[ 2 2 1 2 1 1 2 2 1 1 2 1 2 1 1 2 2 1 2 1 ];
[ 1 1 2 1 2 2 1 2 1 1 2 2 1 2 1 2 1 1 2 2 ];
[ 2 2 1 2 1 1 2 1 2 2 1 1 2 1 2 1 2 2 1 1 ];
[ 2 1 2 1 2 2 1 2 1 1 2 1 1 2 1 2 2 1 1 2 ];
[ 1 2 1 2 1 1 2 1 2 2 1 2 2 1 2 2 1 1 2 1 ];
[ 2 1 1 2 2 1 2 2 1 1 2 2 1 2 1 1 2 2 1 1 ];
[ 1 2 2 1 1 2 1 1 2 1 2 1 2 2 1 1 2 1 2 2 ];
[ 1 2 1 2 1 2 1 2 1 2 1 2 1 1 2 2 1 2 1 2 ];
[ 2 1 1 2 2 1 2 1 2 1 1 2 1 2 1 2 2 1 2 1 ];
[ 1 2 2 1 2 1 2 1 1 2 2 1 2 1 2 1 1 2 1 2 ];
[ 2 1 1 2 1 2 1 2 2 1 1 2 1 2 2 1 1 2 2 1 ];
[ 1 2 1 2 2 1 2 1 2 1 1 2 1 2 1 2 2 1 1 2 ];
[ 1 2 2 1 1 2 1 2 1 2 2 1 2 1 2 1 1 2 2 1 ];
[ 2 1 2 1 2 1 1 2 1 2 1 2 1 2 1 2 2 1 2 1 ];
[ 2 2 1 2 1 1 2 1 2 1 2 1 2 1 2 1 1 2 1 2 ];
[ 1 1 2 1 2 2 1 2 1 2 2 1 2 2 1 2 1 1 2 1 ]
]
solveTime = 20.426000118255615
isOptimal = true
