t = [
[ 1 1 2 2 1 2 2 1 2 1 2 1 1 2 2 1 ];
[ 1 2 1 2 1 1 2 1 1 2 1 2 2 1 2 2 ];
[ 2 2 1 1 2 1 1 2 2 1 2 1 2 2 1 1 ];
[ 2 1 2 1 2 2 1 1 2 2 1 2 1 1 2 1 ];
[ 1 1 2 2 1 1 2 2 1 2 2 1 1 2 1 2 ];
[ 2 2 1 2 1 2 1 1 2 1 2 1 2 1 2 1 ];
[ 1 1 2 1 2 1 2 2 1 2 1 2 1 2 1 2 ];
[ 2 1 2 1 1 2 1 2 1 1 2 1 2 1 2 2 ];
[ 2 2 1 2 2 1 2 1 2 1 1 2 1 2 1 1 ];
[ 1 2 2 1 2 1 2 1 1 2 1 2 1 2 1 2 ];
[ 2 1 1 2 1 2 1 2 2 1 2 1 2 1 2 1 ];
[ 1 2 2 1 1 2 2 1 1 2 1 2 2 1 1 2 ];
[ 2 1 1 2 2 1 1 2 1 2 2 1 1 2 2 1 ];
[ 1 2 1 1 2 2 1 2 2 1 2 1 1 2 1 2 ];
[ 1 2 2 1 1 2 2 1 2 1 1 2 2 1 1 2 ];
[ 2 1 1 2 2 1 1 2 1 2 1 2 2 1 2 1 ]
]
solveTime = 16.509999990463257
isOptimal = true
