t = [
[ 1 1 2 2 1 2 1 2 1 1 2 2 1 2 1 2 ];
[ 2 1 2 1 1 2 2 1 2 2 1 2 1 1 2 1 ];
[ 2 2 1 1 2 1 1 2 1 1 2 1 2 2 1 2 ];
[ 1 2 1 2 2 1 2 2 1 2 1 1 2 2 1 1 ];
[ 1 1 2 2 1 2 1 1 2 2 1 2 1 1 2 2 ];
[ 2 2 1 1 2 2 1 2 1 1 2 2 1 2 1 1 ];
[ 2 1 2 2 1 1 2 1 2 2 1 1 2 1 2 1 ];
[ 1 2 2 1 1 2 1 2 1 1 2 2 1 2 1 2 ];
[ 1 2 1 1 2 1 2 1 2 2 1 1 2 1 2 2 ];
[ 2 1 1 2 2 1 2 1 1 2 2 1 2 2 1 1 ];
[ 1 1 2 2 1 2 1 2 2 1 1 2 1 1 2 2 ];
[ 2 2 1 1 2 1 2 1 1 2 2 1 2 1 2 1 ];
[ 2 1 1 2 1 2 1 2 2 1 1 2 1 2 1 2 ];
[ 1 2 2 1 2 1 2 2 1 2 2 1 1 2 1 1 ];
[ 2 1 2 2 1 2 1 1 2 1 2 1 2 1 2 1 ];
[ 1 2 1 1 2 1 2 1 2 1 1 2 2 1 2 2 ]
]
solveTime = 0.4719998836517334
isOptimal = true
