t = [
[ 2 1 1 2 1 2 1 2 2 1 2 1 2 1 ];
[ 2 2 1 2 1 1 2 1 1 2 1 2 1 2 ];
[ 1 1 2 1 2 2 1 2 2 1 2 2 1 1 ];
[ 1 1 2 2 1 2 1 1 2 2 1 1 2 2 ];
[ 2 2 1 1 2 1 2 1 1 2 1 1 2 2 ];
[ 1 2 2 1 2 1 2 2 1 1 2 2 1 1 ];
[ 2 1 1 2 1 2 1 1 2 2 1 1 2 2 ];
[ 1 2 1 2 2 1 1 2 1 1 2 2 1 2 ];
[ 2 1 2 1 1 2 2 1 2 2 1 2 1 1 ];
[ 2 1 2 1 1 2 1 2 2 1 2 1 2 1 ];
[ 1 2 1 2 2 1 2 1 1 2 1 2 1 2 ];
[ 1 2 1 2 1 1 2 1 2 1 2 1 2 2 ];
[ 2 1 2 1 2 2 1 2 1 2 1 1 2 1 ];
[ 1 2 2 1 2 1 2 2 1 1 2 2 1 1 ]
]
solveTime = 0.0709998607635498
isOptimal = true
