t = [
[ 1 2 1 2 1 2 1 1 2 1 2 2 1 2 1 1 2 2 ];
[ 1 2 2 1 2 1 2 2 1 2 1 1 2 1 2 1 2 1 ];
[ 2 1 2 2 1 2 1 1 2 1 1 2 1 2 1 2 1 2 ];
[ 2 1 1 2 1 1 2 2 1 1 2 2 1 2 1 2 2 1 ];
[ 1 2 1 1 2 1 2 2 1 2 1 1 2 1 2 1 2 2 ];
[ 1 1 2 1 2 2 1 1 2 1 2 1 2 2 1 2 1 2 ];
[ 2 2 1 2 1 2 1 1 2 2 1 2 1 1 2 1 2 1 ];
[ 1 1 2 1 2 1 2 2 1 2 2 1 2 2 1 2 1 1 ];
[ 2 2 1 1 2 2 1 1 2 1 1 2 1 1 2 1 2 2 ];
[ 1 1 2 2 1 2 1 2 2 1 1 2 2 1 1 2 1 2 ];
[ 1 1 2 1 2 1 2 2 1 2 2 1 1 2 2 1 2 1 ];
[ 2 2 1 2 1 1 2 1 2 1 2 1 2 2 1 2 1 1 ];
[ 2 1 2 1 2 2 1 2 1 2 1 2 1 1 2 1 1 2 ];
[ 1 2 2 1 1 2 1 2 1 2 1 2 2 1 2 1 2 1 ];
[ 2 2 1 2 1 1 2 1 2 1 2 1 2 2 1 2 1 1 ];
[ 1 1 2 1 2 2 1 2 2 1 1 2 1 1 2 2 1 2 ];
[ 2 1 1 2 1 1 2 1 1 2 2 1 2 1 2 1 2 2 ];
[ 2 2 1 2 2 1 2 1 1 2 2 1 1 2 1 2 1 1 ]
]
solveTime = 1.3229999542236328
isOptimal = true
