t = [
[ 2 1 2 2 1 1 2 1 1 2 2 1 2 2 1 2 1 1 ];
[ 1 2 1 1 2 2 1 1 2 1 1 2 2 1 2 1 2 2 ];
[ 2 1 2 2 1 1 2 2 1 2 1 2 1 1 2 2 1 1 ];
[ 1 2 2 1 2 2 1 1 2 1 2 1 2 2 1 1 2 1 ];
[ 2 1 1 2 1 1 2 2 1 2 2 1 2 1 1 2 1 2 ];
[ 2 1 2 1 2 1 2 1 2 2 1 2 1 1 2 1 1 2 ];
[ 1 2 1 2 1 2 1 2 1 1 2 1 2 2 1 2 2 1 ];
[ 2 1 2 1 2 1 2 1 2 1 2 1 1 2 2 1 1 2 ];
[ 1 2 1 1 2 2 1 2 1 2 1 2 1 1 2 1 2 2 ];
[ 2 2 1 2 1 2 1 1 2 2 1 1 2 2 1 2 1 1 ];
[ 1 1 2 1 2 1 2 2 1 1 2 2 1 2 1 1 2 2 ];
[ 2 2 1 1 2 1 2 2 1 1 2 2 1 1 2 2 1 1 ];
[ 1 1 2 2 1 2 1 1 2 2 1 1 2 2 1 2 2 1 ];
[ 1 1 2 2 1 2 1 2 2 1 1 2 1 1 2 1 2 2 ];
[ 2 2 1 1 2 1 2 1 1 2 2 1 1 2 1 2 1 2 ];
[ 2 1 2 1 2 1 1 2 2 1 1 2 2 1 2 2 1 1 ];
[ 1 2 1 2 1 2 2 1 2 2 1 1 2 2 1 1 2 1 ];
[ 1 2 1 2 1 2 1 2 1 1 2 2 1 1 2 1 2 2 ]
]
solveTime = 65.01200008392334
isOptimal = true
