t = [
[ 1 2 1 2 1 2 1 2 1 1 2 2 1 2 1 1 2 2 ];
[ 1 2 2 1 2 1 2 1 2 1 2 1 2 1 2 2 1 1 ];
[ 2 1 2 1 1 2 1 2 1 2 1 2 2 1 1 2 1 2 ];
[ 2 1 1 2 2 1 2 1 2 1 2 1 1 2 2 1 2 1 ];
[ 1 2 1 1 2 1 1 2 1 2 2 1 1 2 2 1 2 2 ];
[ 2 1 2 1 1 2 2 1 2 1 1 2 2 1 1 2 1 2 ];
[ 1 2 1 2 1 2 1 1 2 2 1 2 2 1 2 2 1 1 ];
[ 2 1 2 1 2 1 2 2 1 2 2 1 1 2 1 1 2 1 ];
[ 1 2 2 1 2 2 1 1 2 1 1 2 1 2 2 1 1 2 ];
[ 2 1 1 2 1 2 1 2 1 1 2 1 2 1 2 2 1 2 ];
[ 1 2 2 1 2 1 2 2 1 2 1 1 2 2 1 1 2 1 ];
[ 2 2 1 2 1 1 2 1 2 1 2 2 1 2 1 2 1 1 ];
[ 2 1 2 1 1 2 1 1 2 2 1 2 1 1 2 1 2 2 ];
[ 1 2 1 2 2 1 1 2 1 2 2 1 2 1 1 2 2 1 ];
[ 2 1 1 2 1 2 2 1 2 1 1 2 1 2 1 2 1 2 ];
[ 2 1 2 1 2 2 1 1 2 2 1 1 2 1 2 1 1 2 ];
[ 1 2 1 2 2 1 2 2 1 1 2 2 1 1 2 1 2 1 ];
[ 1 1 2 2 1 1 2 2 1 2 1 1 2 2 1 2 2 1 ]
]
solveTime = 1.372999906539917
isOptimal = true
