t = [
[ 1 2 1 2 1 2 2 1 2 2 1 1 2 1 2 2 1 1 ];
[ 2 2 1 1 2 1 1 2 1 1 2 2 1 2 1 1 2 2 ];
[ 2 1 2 2 1 2 1 2 2 1 1 2 1 1 2 1 2 1 ];
[ 1 1 2 1 1 2 2 1 2 2 1 1 2 2 1 2 1 2 ];
[ 2 2 1 2 2 1 1 2 1 1 2 2 1 2 1 1 2 1 ];
[ 2 1 2 1 2 2 1 1 2 1 1 2 1 1 2 2 1 2 ];
[ 1 1 2 2 1 1 2 2 1 2 1 1 2 2 1 2 1 2 ];
[ 2 2 1 1 2 2 1 1 2 1 2 2 1 1 2 1 2 1 ];
[ 1 2 1 2 1 2 2 1 1 2 1 2 1 1 2 1 2 2 ];
[ 2 1 2 1 2 1 1 2 1 2 2 1 2 2 1 2 1 1 ];
[ 2 2 1 1 2 1 2 1 2 1 2 1 2 1 2 1 2 1 ];
[ 1 2 1 2 1 2 1 2 1 2 1 2 1 2 1 1 2 2 ];
[ 2 1 2 1 2 1 2 1 2 1 2 1 2 1 2 2 1 1 ];
[ 1 2 1 1 2 1 2 2 1 2 1 2 2 1 2 1 2 1 ];
[ 1 1 2 2 1 2 1 2 2 1 2 1 1 2 1 2 1 2 ];
[ 2 1 1 2 1 2 1 1 2 1 2 1 2 2 1 2 1 2 ];
[ 1 2 2 1 2 1 2 1 1 2 1 2 2 1 2 1 2 1 ];
[ 1 1 2 2 1 1 2 2 1 2 2 1 1 2 1 2 1 2 ]
]
solveTime = 1.745999813079834
isOptimal = true
