t = [
[ 1 2 1 2 1 2 1 1 2 1 2 2 1 2 1 1 2 2 ];
[ 1 2 1 2 2 1 2 1 2 2 1 1 2 1 2 1 2 1 ];
[ 2 1 2 1 1 2 1 2 1 2 1 1 2 2 1 2 1 2 ];
[ 2 1 2 2 1 2 1 1 2 1 2 2 1 1 2 2 1 1 ];
[ 1 2 1 1 2 1 2 2 1 2 2 1 1 2 2 1 2 1 ];
[ 2 1 2 1 1 2 1 2 2 1 1 2 2 1 1 2 1 2 ];
[ 2 2 1 2 1 1 2 1 2 2 1 1 2 1 2 1 2 1 ];
[ 1 1 2 1 2 1 2 1 1 2 2 1 1 2 2 1 2 2 ];
[ 2 2 1 1 2 2 1 2 2 1 1 2 1 2 1 2 1 1 ];
[ 2 1 2 2 1 2 1 2 1 1 2 1 2 1 1 2 1 2 ];
[ 1 2 2 1 2 1 2 1 1 2 1 2 2 1 2 1 2 1 ];
[ 2 2 1 1 2 1 2 1 2 1 2 1 1 2 1 2 1 2 ];
[ 2 1 1 2 1 2 1 2 1 2 1 2 2 1 2 1 1 2 ];
[ 1 1 2 1 2 2 1 2 1 2 1 2 2 1 1 2 2 1 ];
[ 1 2 1 2 2 1 2 1 2 1 2 1 1 2 2 1 1 2 ];
[ 2 1 2 1 1 2 2 1 2 1 2 1 1 2 2 1 1 2 ];
[ 1 2 1 2 2 1 1 2 1 2 1 2 2 1 1 2 2 1 ];
[ 1 1 2 2 1 1 2 2 1 1 2 2 1 2 1 2 2 1 ]
]
solveTime = 5.539999961853027
isOptimal = true
