t = [
[ 1 2 1 2 1 2 1 1 2 1 2 2 1 2 1 2 2 1 ];
[ 2 1 1 2 2 1 2 2 1 1 2 1 2 1 2 1 1 2 ];
[ 1 2 2 1 1 2 1 2 1 2 1 1 2 2 1 2 1 2 ];
[ 2 2 1 1 2 1 2 1 2 1 2 2 1 1 2 1 2 1 ];
[ 2 1 2 2 1 2 1 2 1 2 1 1 2 1 1 2 2 1 ];
[ 1 2 1 2 1 2 1 2 1 2 2 1 1 2 2 1 1 2 ];
[ 2 1 2 1 2 1 2 1 2 1 1 2 2 1 2 2 1 1 ];
[ 1 2 2 1 1 2 2 1 2 2 1 1 2 2 1 1 2 1 ];
[ 2 1 1 2 2 1 1 2 1 1 2 2 1 2 1 2 1 2 ];
[ 1 1 2 1 1 2 2 1 2 2 1 2 1 1 2 1 2 2 ];
[ 1 2 2 1 2 1 2 2 1 2 1 1 2 1 2 1 2 1 ];
[ 2 1 1 2 2 1 1 2 2 1 2 1 1 2 1 2 1 2 ];
[ 2 1 2 2 1 2 2 1 2 1 1 2 2 1 1 2 1 1 ];
[ 1 2 2 1 1 2 2 1 1 2 1 2 1 2 2 1 2 1 ];
[ 1 2 1 1 2 1 1 2 1 2 2 1 2 1 2 2 1 2 ];
[ 2 1 2 2 1 2 1 1 2 1 2 1 1 2 1 2 2 1 ];
[ 1 2 1 1 2 1 2 1 2 2 1 2 2 1 2 1 1 2 ];
[ 2 1 1 2 2 1 1 2 1 1 2 2 1 2 1 1 2 2 ]
]
solveTime = 25.75599980354309
isOptimal = true
