t = [
[ 1 1 2 1 2 1 2 1 1 2 2 1 2 2 1 2 ];
[ 2 1 2 1 2 2 1 2 2 1 1 2 1 1 2 1 ];
[ 1 2 1 2 1 1 2 2 1 2 2 1 2 2 1 1 ];
[ 1 2 1 1 2 2 1 1 2 2 1 1 2 1 2 2 ];
[ 2 1 2 2 1 1 2 1 2 1 2 2 1 1 2 1 ];
[ 1 1 2 2 1 2 1 2 1 1 2 2 1 2 1 2 ];
[ 2 2 1 1 2 1 2 2 1 2 1 1 2 1 2 1 ];
[ 2 2 1 2 1 1 2 1 2 1 1 2 1 2 1 2 ];
[ 1 1 2 1 2 2 1 2 1 1 2 2 1 1 2 2 ];
[ 2 2 1 2 1 2 1 1 2 2 1 1 2 2 1 1 ];
[ 1 2 1 1 2 1 2 2 1 2 2 1 2 2 1 1 ];
[ 2 1 2 1 1 2 2 1 2 1 1 2 1 1 2 2 ];
[ 2 1 2 2 1 2 1 1 2 1 2 2 1 1 2 1 ];
[ 1 2 1 2 2 1 1 2 1 2 1 1 2 2 1 2 ];
[ 1 2 2 1 1 2 2 1 2 1 2 1 2 2 1 1 ];
[ 2 1 1 2 2 1 1 2 1 2 1 2 1 1 2 2 ]
]
solveTime = 0.5220000743865967
isOptimal = true
