t = [
[ 2 1 2 2 1 1 2 2 1 2 1 1 2 1 ];
[ 1 2 1 2 2 1 1 2 1 2 2 1 2 1 ];
[ 2 1 2 1 1 2 2 1 2 1 1 2 1 2 ];
[ 2 2 1 1 2 2 1 1 2 1 1 2 2 1 ];
[ 1 1 2 2 1 1 2 2 1 2 2 1 1 2 ];
[ 1 2 1 1 2 2 1 1 2 1 2 2 1 2 ];
[ 2 1 1 2 2 1 2 1 1 2 1 2 2 1 ];
[ 1 2 2 1 1 2 1 2 1 2 2 1 1 2 ];
[ 1 1 2 2 1 2 2 1 2 1 1 2 1 2 ];
[ 2 1 1 2 2 1 1 2 2 1 2 1 2 1 ];
[ 2 2 1 1 2 1 2 2 1 2 1 2 1 1 ];
[ 1 2 2 1 1 2 1 1 2 2 1 2 1 2 ];
[ 1 1 2 2 1 2 1 2 1 1 2 1 2 2 ];
[ 2 2 1 1 2 1 2 1 2 1 2 1 2 1 ]
]
solveTime = 0.20800018310546875
isOptimal = true
