t = [
[ 1 1 2 2 1 2 1 2 1 1 2 1 2 2 ];
[ 2 2 1 2 1 1 2 1 1 2 2 1 1 2 ];
[ 1 1 2 1 2 2 1 2 2 1 1 2 2 1 ];
[ 2 1 1 2 1 2 2 1 2 1 2 2 1 1 ];
[ 1 2 1 1 2 1 2 2 1 2 1 1 2 2 ];
[ 1 2 2 1 2 1 1 2 2 1 2 2 1 1 ];
[ 2 1 1 2 1 2 2 1 1 2 1 1 2 2 ];
[ 1 2 2 1 1 2 1 2 1 2 1 2 1 2 ];
[ 2 2 1 1 2 1 2 1 2 1 2 2 1 1 ];
[ 2 1 2 2 1 2 1 1 2 2 1 1 2 1 ];
[ 1 2 2 1 2 1 1 2 1 2 1 2 1 2 ];
[ 2 1 1 2 2 1 2 2 1 1 2 2 1 1 ];
[ 1 1 2 2 1 2 1 1 2 2 1 1 2 2 ];
[ 2 2 1 1 2 1 2 1 2 1 2 1 2 1 ]
]
solveTime = 0.8139998912811279
isOptimal = true
