t = [
[ 2 1 2 1 2 1 1 2 1 1 2 2 1 2 1 1 2 2 1 2 ];
[ 1 2 2 1 1 2 2 1 2 1 2 1 2 1 2 2 1 1 2 1 ];
[ 2 1 1 2 2 1 1 2 1 2 1 2 1 2 1 2 2 1 1 2 ];
[ 1 1 2 1 1 2 2 1 2 1 2 1 1 2 2 1 2 2 1 2 ];
[ 2 2 1 2 1 1 2 1 1 2 1 2 2 1 2 1 1 2 2 1 ];
[ 1 1 2 1 2 2 1 2 1 1 2 2 1 2 1 2 1 1 2 2 ];
[ 1 2 1 2 1 1 2 1 2 2 1 1 2 2 1 1 2 2 1 2 ];
[ 2 1 2 1 2 2 1 2 1 1 2 2 1 1 2 2 1 1 2 1 ];
[ 2 1 1 2 1 2 1 1 2 2 1 1 2 2 1 1 2 1 2 2 ];
[ 1 2 1 2 2 1 2 2 1 1 2 2 1 1 2 1 2 2 1 1 ];
[ 2 1 2 1 2 1 2 1 2 2 1 1 2 2 1 2 1 1 2 1 ];
[ 1 2 1 2 1 2 1 2 1 1 2 2 1 1 2 2 1 2 1 2 ];
[ 2 1 1 2 1 2 2 1 2 2 1 1 2 2 1 1 2 1 2 1 ];
[ 1 2 2 1 2 1 1 2 1 2 2 1 2 1 2 2 1 1 2 1 ];
[ 2 1 2 1 1 2 1 2 2 1 1 2 1 1 2 2 1 2 1 2 ];
[ 2 2 1 2 2 1 2 1 2 1 2 1 1 2 1 1 2 2 1 1 ];
[ 1 2 1 2 1 1 2 2 1 2 1 1 2 1 1 2 2 1 2 2 ];
[ 2 1 2 1 1 2 1 2 1 1 2 2 1 2 2 1 1 2 1 2 ];
[ 1 2 1 2 2 1 2 1 2 2 1 2 2 1 2 1 1 2 1 1 ];
[ 1 2 2 1 2 2 1 1 2 2 1 1 2 1 1 2 2 1 2 1 ]
]
solveTime = 22.01800012588501
isOptimal = true
