t = [
[ 1 1 2 2 1 2 1 2 1 1 2 2 1 2 1 2 2 1 ];
[ 2 2 1 1 2 1 2 1 1 2 2 1 2 1 2 1 2 1 ];
[ 1 1 2 1 2 2 1 2 2 1 1 2 2 1 1 2 1 2 ];
[ 2 1 1 2 1 2 2 1 2 1 2 2 1 2 1 1 2 1 ];
[ 1 2 2 1 2 1 2 1 1 2 2 1 1 2 2 1 1 2 ];
[ 1 1 2 1 2 2 1 2 2 1 1 2 2 1 1 2 1 2 ];
[ 2 2 1 2 1 1 2 1 2 2 1 1 2 1 2 1 2 1 ];
[ 1 1 2 2 1 2 2 1 1 2 2 1 1 2 2 1 2 1 ];
[ 2 2 1 1 2 1 1 2 2 1 1 2 1 2 1 2 1 2 ];
[ 2 1 2 2 1 1 2 2 1 1 2 1 2 1 2 1 1 2 ];
[ 1 2 1 1 2 2 1 1 2 2 1 2 2 1 2 1 2 1 ];
[ 2 2 1 2 1 1 2 1 2 1 2 1 1 2 1 2 1 2 ];
[ 2 1 2 1 2 1 1 2 1 2 1 2 1 1 2 2 1 2 ];
[ 1 2 2 1 2 2 1 2 1 2 1 1 2 2 1 1 2 1 ];
[ 1 2 1 2 1 1 2 1 2 1 2 1 2 2 1 2 1 2 ];
[ 2 1 2 1 2 2 1 1 2 1 1 2 1 1 2 2 1 2 ];
[ 2 1 1 2 1 1 2 2 1 2 1 2 2 1 2 1 2 1 ];
[ 1 2 1 2 1 2 1 2 1 2 2 1 1 2 1 2 2 1 ]
]
solveTime = 1.569000005722046
isOptimal = true
