t = [
[ 2 1 2 1 1 2 1 2 1 2 1 2 2 1 ];
[ 2 2 1 2 1 1 2 1 2 1 2 1 2 1 ];
[ 1 1 2 1 2 2 1 2 1 1 2 2 1 2 ];
[ 1 1 2 2 1 1 2 1 2 2 1 2 1 2 ];
[ 2 2 1 2 2 1 1 2 1 2 1 1 2 1 ];
[ 2 1 2 1 1 2 2 1 2 1 2 2 1 1 ];
[ 1 2 1 2 1 2 1 2 2 1 2 1 1 2 ];
[ 2 2 1 1 2 1 2 1 1 2 1 2 2 1 ];
[ 1 1 2 2 1 2 2 1 2 1 1 2 1 2 ];
[ 2 2 1 1 2 2 1 2 1 1 2 1 2 1 ];
[ 1 1 2 1 2 1 2 1 2 2 1 1 2 2 ];
[ 1 1 2 2 1 2 1 1 2 1 2 2 1 2 ];
[ 2 2 1 2 2 1 1 2 1 2 1 1 2 1 ];
[ 1 2 1 1 2 1 2 2 1 2 2 1 1 2 ]
]
solveTime = 0.8519999980926514
isOptimal = true
