t = [
[ 1 1 2 2 1 2 2 1 1 2 2 1 2 2 1 1 2 1 ];
[ 1 2 1 1 2 2 1 2 2 1 1 2 1 2 2 1 2 1 ];
[ 2 1 1 2 1 1 2 1 2 2 1 1 2 1 2 2 1 2 ];
[ 2 1 2 1 1 2 1 2 1 1 2 2 1 2 1 2 2 1 ];
[ 1 2 2 1 2 1 2 1 1 2 2 1 2 1 2 1 1 2 ];
[ 2 1 1 2 2 1 1 2 2 1 1 2 1 2 2 1 1 2 ];
[ 2 2 1 2 1 2 2 1 1 2 1 1 2 1 1 2 2 1 ];
[ 1 1 2 1 2 2 1 2 2 1 2 2 1 2 1 2 1 1 ];
[ 2 1 1 2 1 1 2 1 1 2 2 1 1 2 2 1 2 2 ];
[ 1 2 2 1 1 2 1 2 2 1 1 2 2 1 1 2 1 2 ];
[ 1 2 2 1 2 1 1 2 2 1 2 1 2 1 1 2 2 1 ];
[ 2 1 1 2 1 2 2 1 1 2 1 2 1 2 2 1 1 2 ];
[ 2 1 2 2 1 1 2 1 2 2 1 1 2 1 2 1 1 2 ];
[ 1 2 1 1 2 1 1 2 2 1 2 2 1 2 1 2 2 1 ];
[ 2 2 1 1 2 2 1 2 1 1 2 1 2 1 1 2 1 2 ];
[ 1 1 2 2 1 2 2 1 1 2 1 2 1 2 2 1 2 1 ];
[ 2 2 1 2 2 1 2 1 2 1 1 2 1 1 2 1 1 2 ];
[ 1 2 2 1 2 1 1 2 1 2 2 1 2 1 1 2 2 1 ]
]
solveTime = 10.970999956130981
isOptimal = true
