t = [
[ 1 1 2 2 1 2 2 1 2 1 2 2 1 2 1 1 2 1 ];
[ 1 2 1 2 2 1 1 2 1 2 2 1 2 1 2 1 1 2 ];
[ 2 1 2 1 1 2 1 2 1 2 1 2 2 1 1 2 1 2 ];
[ 2 1 1 2 2 1 2 1 2 1 1 2 1 2 2 1 2 1 ];
[ 1 2 2 1 2 1 2 1 1 2 2 1 1 2 2 1 2 1 ];
[ 1 2 2 1 1 2 1 2 2 1 1 2 2 1 1 2 1 2 ];
[ 2 1 1 2 1 1 2 1 2 2 1 1 2 1 2 2 1 2 ];
[ 1 2 2 1 2 1 2 2 1 2 2 1 1 2 1 1 2 1 ];
[ 2 2 1 2 1 2 1 1 2 1 1 2 1 2 2 1 1 2 ];
[ 2 1 1 2 1 2 1 2 2 1 2 1 2 1 1 2 1 2 ];
[ 1 2 2 1 2 1 2 2 1 2 1 1 2 1 2 1 2 1 ];
[ 2 1 1 2 1 2 1 1 2 1 2 2 1 2 1 2 2 1 ];
[ 2 2 1 1 2 1 2 1 1 2 1 2 1 1 2 2 1 2 ];
[ 1 1 2 1 1 2 1 2 1 2 2 1 2 2 1 1 2 2 ];
[ 1 2 1 2 2 1 2 1 2 1 2 1 2 2 1 2 1 1 ];
[ 2 1 2 1 2 2 1 1 2 1 1 2 1 1 2 2 1 2 ];
[ 1 2 1 2 1 2 1 2 1 2 1 2 1 2 2 1 2 1 ];
[ 2 1 2 1 2 1 2 2 1 1 2 1 2 1 1 2 2 1 ]
]
solveTime = 1.2280001640319824
isOptimal = true
