t = [
[ 2 1 2 1 2 2 1 2 1 1 2 1 1 2 1 2 ];
[ 1 2 1 2 1 2 1 1 2 2 1 2 1 2 1 2 ];
[ 2 2 1 2 1 1 2 1 2 1 1 2 2 1 2 1 ];
[ 2 1 2 1 2 1 1 2 1 2 2 1 2 1 1 2 ];
[ 1 2 1 2 1 2 2 1 2 1 1 2 1 2 1 2 ];
[ 2 2 1 1 2 1 2 2 1 2 1 1 2 1 2 1 ];
[ 1 1 2 2 1 2 1 2 1 1 2 2 1 1 2 2 ];
[ 1 2 2 1 1 2 2 1 2 1 2 2 1 2 1 1 ];
[ 2 1 1 2 2 1 2 1 2 2 1 1 2 1 2 1 ];
[ 1 2 1 2 1 2 1 2 1 2 2 1 1 2 1 2 ];
[ 2 1 2 1 2 1 1 2 1 1 2 2 1 2 2 1 ];
[ 1 1 2 1 1 2 2 1 2 2 1 1 2 1 2 2 ];
[ 1 2 1 2 2 1 2 1 2 2 1 1 2 2 1 1 ];
[ 2 1 1 2 2 1 1 2 1 1 2 2 1 2 1 2 ];
[ 2 1 2 1 1 2 1 2 1 2 2 1 2 1 2 1 ];
[ 1 2 2 1 2 1 2 1 2 1 1 2 2 1 2 1 ]
]
solveTime = 5.008000135421753
isOptimal = true
