t = [
[ 2 1 2 1 1 2 1 1 2 1 2 2 1 2 1 2 1 2 2 1 ];
[ 1 2 1 2 2 1 1 2 2 1 2 1 2 1 1 2 1 1 2 2 ];
[ 2 2 1 2 1 2 2 1 1 2 1 2 1 1 2 1 2 2 1 1 ];
[ 2 1 2 1 2 1 1 2 2 1 1 2 1 2 2 1 1 2 1 2 ];
[ 1 2 1 2 1 2 1 2 1 2 2 1 2 1 1 2 2 1 2 1 ];
[ 2 2 1 1 2 1 2 1 2 1 1 2 2 1 2 2 1 2 1 1 ];
[ 1 1 2 2 1 2 1 2 1 1 2 1 1 2 2 1 2 2 1 2 ];
[ 2 1 2 1 2 1 2 1 2 2 1 2 1 2 1 1 2 1 2 1 ];
[ 1 2 1 2 1 2 2 1 1 2 1 1 2 1 2 2 1 1 2 2 ];
[ 2 1 2 1 2 2 1 2 1 1 2 2 1 2 2 1 1 2 1 1 ];
[ 1 2 1 1 2 1 2 1 2 2 1 1 2 1 1 2 2 1 2 2 ];
[ 2 1 2 2 1 2 1 2 2 1 1 2 1 2 1 1 2 1 1 2 ];
[ 1 2 1 2 1 1 2 2 1 1 2 2 1 2 2 1 1 2 2 1 ];
[ 2 2 1 1 2 1 2 1 1 2 2 1 2 1 2 2 1 2 1 1 ];
[ 1 1 2 2 1 2 1 1 2 2 1 1 2 2 1 1 2 1 2 2 ];
[ 1 2 1 2 2 1 2 2 1 1 2 2 1 1 2 2 1 2 1 1 ];
[ 2 1 2 1 1 2 1 2 1 2 2 1 2 2 1 1 2 1 1 2 ];
[ 2 2 1 2 1 1 2 1 2 1 1 2 1 2 1 2 1 1 2 2 ];
[ 1 1 2 1 2 1 2 2 1 2 2 1 2 1 2 1 2 2 1 1 ];
[ 1 1 2 1 2 2 1 1 2 2 1 1 2 1 1 2 2 1 2 2 ]
]
solveTime = 54.990999937057495
isOptimal = true
