t = [
[ 2 1 2 1 2 2 1 1 2 1 1 2 1 2 ];
[ 1 2 1 2 2 1 1 2 2 1 2 1 2 1 ];
[ 1 2 1 2 1 2 2 1 1 2 1 1 2 2 ];
[ 2 1 2 1 1 2 1 2 2 1 2 2 1 1 ];
[ 2 2 1 1 2 1 2 1 1 2 2 1 1 2 ];
[ 1 1 2 2 1 1 2 1 2 2 1 2 2 1 ];
[ 2 2 1 2 1 2 1 2 1 1 2 1 2 1 ];
[ 1 1 2 1 2 1 2 2 1 2 1 2 1 2 ];
[ 1 2 1 2 1 2 1 1 2 2 1 2 2 1 ];
[ 2 1 2 1 1 2 1 2 2 1 2 1 1 2 ];
[ 1 2 2 1 2 1 2 2 1 1 2 1 2 1 ];
[ 2 1 1 2 2 1 2 1 2 2 1 2 1 1 ];
[ 2 1 1 2 1 2 1 2 1 1 2 1 2 2 ];
[ 1 2 2 1 2 1 2 1 1 2 1 2 1 2 ]
]
solveTime = 1.501000165939331
isOptimal = true
