t = [
[ 1 0 0 0 1 0 1 0 1 0 0 1 0 1 0 1 ];
[ 0 0 1 0 0 0 0 0 0 1 0 0 0 0 0 0 ];
[ 0 0 0 0 1 0 1 0 1 0 0 0 0 1 0 1 ];
[ 0 0 0 1 0 0 0 0 0 1 0 1 0 0 1 0 ];
[ 0 1 0 0 0 1 0 1 0 0 1 0 0 1 0 0 ];
[ 0 0 1 0 1 0 0 0 1 0 0 0 1 0 0 1 ];
[ 1 0 0 0 0 1 0 0 0 1 0 1 0 0 1 0 ];
[ 0 0 1 0 0 0 1 0 0 0 1 0 0 0 0 0 ];
[ 0 0 0 0 1 0 0 1 0 1 0 1 0 1 0 1 ];
[ 0 1 0 1 0 0 1 0 1 0 0 0 0 0 0 0 ];
[ 1 0 1 0 0 0 0 0 0 1 0 1 0 0 0 1 ];
[ 0 0 0 0 0 1 0 1 0 0 0 0 1 0 1 0 ];
[ 1 0 1 0 1 0 0 0 0 0 1 0 0 0 0 0 ];
[ 0 1 0 0 0 0 0 0 1 0 0 1 0 1 0 1 ];
[ 0 0 0 1 0 0 1 0 0 1 0 0 1 0 1 0 ];
[ 1 0 0 0 1 0 0 1 0 0 1 0 0 0 0 0 ]
]
solveTime = 7.460000038146973
isOptimal = true
