t = [
[ 0 0 0 1 0 0 0 0 0 0 0 0 0 0 0 1 ];
[ 0 0 0 0 0 1 0 1 0 0 0 0 1 0 0 0 ];
[ 1 0 0 0 0 0 0 0 1 0 0 0 0 0 1 0 ];
[ 0 0 0 0 1 0 0 0 0 1 0 0 0 0 0 0 ];
[ 0 0 0 0 0 1 0 0 0 0 0 1 0 1 0 0 ];
[ 0 0 0 1 0 0 0 1 0 1 0 0 0 0 0 0 ];
[ 0 0 1 0 0 0 0 0 0 0 0 1 0 1 0 0 ];
[ 0 0 0 1 0 0 1 0 0 0 1 0 1 0 0 0 ];
[ 0 0 0 0 1 0 0 0 1 0 0 0 0 1 0 1 ];
[ 1 0 0 0 0 1 0 1 0 0 1 0 0 0 0 0 ];
[ 0 0 0 1 0 0 1 0 0 1 0 0 0 1 0 0 ];
[ 0 1 0 0 0 0 0 0 1 0 0 0 1 0 0 0 ];
[ 1 0 0 0 0 0 0 0 0 0 0 1 0 0 1 0 ];
[ 0 0 0 0 0 0 0 0 1 0 0 0 1 0 0 0 ];
[ 0 1 0 0 0 0 1 0 0 1 0 0 0 0 0 0 ];
[ 0 0 1 0 1 0 0 0 1 0 0 1 0 0 0 1 ]
]
solveTime = 55.11899995803833
isOptimal = true
