t = [
[ 0 1 0 1 0 0 0 1 0 0 1 0 0 0 1 0 ];
[ 0 0 0 0 0 0 1 0 0 0 0 0 1 0 0 0 ];
[ 0 1 0 1 0 0 0 0 0 1 0 0 0 1 0 0 ];
[ 1 0 0 0 1 0 0 0 0 0 0 1 0 0 1 0 ];
[ 0 0 0 0 0 0 1 0 0 1 0 0 0 1 0 1 ];
[ 0 1 0 0 1 0 0 1 0 0 1 0 0 0 0 0 ];
[ 0 0 1 0 0 1 0 0 1 0 0 1 0 0 0 0 ];
[ 1 0 0 0 0 0 0 1 0 0 0 0 1 0 1 0 ];
[ 0 0 1 0 0 0 0 0 0 0 0 1 0 0 0 0 ];
[ 1 0 0 0 0 0 1 0 1 0 0 0 0 1 0 1 ];
[ 0 0 1 0 1 0 0 0 0 1 0 0 0 0 0 0 ];
[ 0 0 0 1 0 0 1 0 0 0 1 0 0 0 0 1 ];
[ 0 0 0 0 0 1 0 0 1 0 0 0 1 0 0 0 ];
[ 0 0 0 0 0 0 0 1 0 0 1 0 0 1 0 1 ];
[ 1 0 1 0 0 1 0 0 0 0 0 1 0 0 0 0 ];
[ 0 0 0 1 0 0 0 1 0 1 0 0 0 0 1 0 ]
]
solveTime = 4.986999988555908
isOptimal = true
