t = [
[ 0 0 0 0 0 1 0 0 0 1 0 1 0 0 ];
[ 0 0 0 1 0 0 1 0 0 0 0 0 0 1 ];
[ 0 0 0 0 1 0 0 0 1 0 1 0 0 0 ];
[ 0 1 0 0 0 0 0 0 0 0 0 1 0 0 ];
[ 1 0 0 1 0 0 0 0 0 0 0 0 0 1 ];
[ 0 0 0 0 0 0 0 1 0 1 0 0 1 0 ];
[ 1 0 0 1 0 0 0 0 0 0 1 0 0 0 ];
[ 0 0 1 0 0 1 0 0 0 0 0 0 0 1 ];
[ 0 0 0 0 0 0 1 0 0 0 0 0 1 0 ];
[ 0 0 0 0 0 0 0 1 0 0 0 1 0 0 ];
[ 0 0 1 0 1 0 0 0 0 0 0 0 0 0 ];
[ 0 1 0 0 0 1 0 0 1 0 0 0 0 0 ];
[ 0 0 0 0 0 0 1 0 0 0 0 1 0 1 ];
[ 0 0 1 0 0 1 0 0 1 0 0 0 0 0 ]
]
solveTime = 0.008999824523925781
isOptimal = true
