t = [
[ 0 1 0 0 1 0 0 1 0 0 0 1 0 1 ];
[ 0 0 1 0 0 0 1 0 0 0 1 0 0 0 ];
[ 1 0 0 0 1 0 0 0 1 0 0 1 0 1 ];
[ 0 0 0 1 0 1 0 1 0 1 0 0 0 0 ];
[ 1 0 1 0 0 0 1 0 0 0 1 0 0 1 ];
[ 0 0 0 1 0 1 0 0 0 1 0 0 0 0 ];
[ 1 0 1 0 0 0 0 1 0 0 0 1 0 1 ];
[ 0 1 0 1 0 0 0 0 0 1 0 0 1 0 ];
[ 0 0 0 0 1 0 0 0 1 0 0 1 0 0 ];
[ 1 0 1 0 0 1 0 1 0 0 0 0 0 0 ];
[ 0 0 0 0 1 0 0 0 0 1 0 0 1 0 ];
[ 0 1 0 1 0 0 0 1 0 0 1 0 0 0 ];
[ 1 0 0 0 0 0 0 0 0 1 0 0 1 0 ];
[ 0 0 1 0 1 0 0 0 0 0 1 0 0 1 ]
]
solveTime = 20.63599991798401
isOptimal = true
