t = [
[ 1 0 0 0 1 0 0 1 0 1 0 0 0 0 1 0 ];
[ 0 0 0 1 0 1 0 0 0 0 0 1 0 1 0 0 ];
[ 1 0 1 0 0 0 0 1 0 1 0 0 1 0 0 1 ];
[ 0 0 0 0 1 0 0 0 1 0 0 1 0 1 0 0 ];
[ 1 0 0 0 0 1 0 0 0 1 0 0 0 0 0 0 ];
[ 0 1 0 1 0 0 1 0 0 0 1 0 0 1 0 0 ];
[ 0 0 1 0 0 1 0 1 0 0 0 1 0 0 0 1 ];
[ 0 0 0 0 1 0 0 0 0 0 0 0 1 0 0 0 ];
[ 0 0 0 1 0 0 1 0 1 0 0 0 0 0 0 0 ];
[ 0 1 0 0 1 0 0 1 0 1 0 1 0 1 0 1 ];
[ 0 0 1 0 0 1 0 0 0 0 1 0 1 0 0 0 ];
[ 1 0 0 1 0 0 1 0 1 0 0 0 0 1 0 0 ];
[ 0 0 1 0 1 0 0 1 0 1 0 0 1 0 1 0 ];
[ 0 1 0 0 0 0 1 0 0 0 1 0 0 0 0 0 ];
[ 0 0 1 0 0 1 0 0 1 0 0 0 0 1 0 0 ];
[ 1 0 0 1 0 0 0 0 0 1 0 1 0 0 1 0 ]
]
solveTime = 159.52600002288818
isOptimal = true
