t = [
[ 0 0 0 0 0 1 0 0 0 1 0 0 0 1 ];
[ 0 1 0 0 0 0 0 0 0 0 0 0 0 0 ];
[ 0 0 0 0 1 0 1 0 1 0 1 0 1 0 ];
[ 0 0 0 1 0 1 0 0 0 0 0 1 0 0 ];
[ 0 0 0 0 0 0 0 1 0 0 1 0 0 0 ];
[ 0 1 0 1 0 0 0 0 0 0 0 0 0 1 ];
[ 0 0 1 0 0 0 0 0 1 0 0 0 0 0 ];
[ 0 1 0 0 0 0 1 0 0 0 0 1 0 1 ];
[ 1 0 0 0 0 0 0 0 1 0 1 0 0 0 ];
[ 0 0 0 1 0 1 0 0 0 0 0 0 0 1 ];
[ 1 0 0 0 0 0 1 0 0 0 0 0 0 0 ];
[ 0 0 0 0 0 1 0 0 0 1 0 0 0 0 ];
[ 0 0 0 0 0 0 0 1 0 0 1 0 1 0 ];
[ 1 0 1 0 1 0 0 0 1 0 0 0 0 1 ]
]
solveTime = 0.07200002670288086
isOptimal = true
