t = [
[ 1 0 0 1 0 0 0 0 0 0 0 1 0 1 0 1 ];
[ 0 0 1 0 1 0 0 1 0 0 1 0 0 0 0 0 ];
[ 0 1 0 0 0 0 1 0 0 1 0 1 0 0 0 1 ];
[ 0 0 1 0 1 0 0 1 0 0 0 0 1 0 1 0 ];
[ 0 0 0 1 0 1 0 0 1 0 0 1 0 0 0 0 ];
[ 0 0 1 0 0 0 1 0 0 0 1 0 0 0 0 0 ];
[ 0 0 0 1 0 0 0 0 1 0 0 1 0 1 0 1 ];
[ 0 1 0 0 1 0 1 0 0 1 0 0 0 0 1 0 ];
[ 1 0 0 1 0 0 0 1 0 0 0 0 1 0 0 0 ];
[ 0 1 0 0 1 0 1 0 0 1 0 1 0 1 0 1 ];
[ 0 0 0 1 0 0 0 1 0 0 1 0 0 0 0 0 ];
[ 1 0 1 0 0 0 0 0 0 1 0 0 1 0 1 0 ];
[ 0 0 0 0 0 1 0 0 1 0 0 1 0 0 0 0 ];
[ 0 1 0 1 0 0 0 0 0 1 0 0 1 0 0 0 ];
[ 1 0 0 0 1 0 1 0 0 0 1 0 0 0 0 0 ];
[ 0 0 0 0 0 1 0 0 1 0 0 1 0 1 0 1 ]
]
solveTime = 1.261000156402588
isOptimal = true
