t = [
[ 0 1 0 0 1 0 0 0 0 0 1 0 0 0 0 1 ];
[ 0 0 1 0 0 0 1 0 1 0 0 0 0 1 0 0 ];
[ 0 0 0 1 0 1 0 0 0 1 0 0 0 0 1 0 ];
[ 1 0 1 0 1 0 0 0 0 0 0 1 0 1 0 0 ];
[ 0 0 0 0 0 1 0 0 1 0 0 0 0 0 1 0 ];
[ 0 1 0 0 0 0 1 0 0 0 1 0 0 0 0 1 ];
[ 1 0 0 1 0 0 0 1 0 1 0 0 1 0 1 0 ];
[ 0 0 1 0 1 0 1 0 0 0 0 0 0 1 0 0 ];
[ 0 1 0 0 0 1 0 0 0 1 0 1 0 0 0 1 ];
[ 0 0 0 1 0 0 0 0 0 0 0 0 0 1 0 0 ];
[ 1 0 0 0 0 0 0 1 0 0 0 0 1 0 0 0 ];
[ 0 0 0 1 0 0 0 0 0 0 1 0 0 0 1 0 ];
[ 0 0 1 0 0 1 0 1 0 1 0 0 0 1 0 0 ];
[ 0 0 0 1 0 0 0 0 0 0 0 0 1 0 1 0 ];
[ 0 1 0 0 0 0 0 0 1 0 0 1 0 0 0 0 ];
[ 0 0 1 0 0 1 0 0 0 0 0 0 1 0 1 0 ]
]
solveTime = 5.930000066757202
isOptimal = true
