t = [
[ 0 0 1 0 0 0 0 0 1 0 0 0 0 0 ];
[ 1 0 0 0 1 0 1 0 0 0 0 0 0 0 ];
[ 0 0 0 1 0 0 0 0 0 1 0 0 1 0 ];
[ 0 0 0 0 1 0 0 0 1 0 0 0 0 1 ];
[ 0 1 0 0 0 0 1 0 0 1 0 0 0 0 ];
[ 0 0 0 0 0 0 0 0 1 0 1 0 1 0 ];
[ 0 0 0 0 0 0 0 1 0 0 0 1 0 0 ];
[ 0 0 1 0 0 1 0 0 0 0 1 0 0 0 ];
[ 0 0 0 0 1 0 1 0 0 1 0 0 0 1 ];
[ 0 1 0 0 0 0 0 1 0 0 1 0 1 0 ];
[ 0 0 0 0 0 1 0 0 1 0 0 1 0 0 ];
[ 0 1 0 0 0 0 0 1 0 0 0 0 1 0 ];
[ 1 0 0 1 0 1 0 0 0 0 0 1 0 0 ];
[ 0 0 1 0 0 0 0 1 0 0 0 0 0 1 ]
]
solveTime = 1.007000207901001
isOptimal = true
