t = [
[ 0 0 1 0 0 1 0 0 0 0 1 0 0 0 0 0 ];
[ 0 0 0 0 1 0 0 1 0 0 0 0 1 0 0 1 ];
[ 0 0 1 0 0 1 0 0 0 0 1 0 0 1 0 0 ];
[ 0 0 0 0 0 0 0 0 1 0 0 1 0 0 1 0 ];
[ 0 0 0 1 0 0 0 1 0 0 0 0 0 1 0 1 ];
[ 0 1 0 0 0 0 0 0 1 0 1 0 0 0 0 0 ];
[ 1 0 0 1 0 0 0 1 0 1 0 0 0 0 1 0 ];
[ 0 0 0 0 0 1 0 0 0 0 0 1 0 0 0 1 ];
[ 1 0 0 0 1 0 0 1 0 1 0 0 0 0 0 0 ];
[ 0 1 0 1 0 0 0 0 0 0 0 0 0 0 1 0 ];
[ 0 0 0 0 1 0 1 0 1 0 0 0 0 1 0 0 ];
[ 0 1 0 0 0 0 0 1 0 0 1 0 0 0 0 0 ];
[ 1 0 0 1 0 0 0 0 0 1 0 1 0 0 0 0 ];
[ 0 0 1 0 0 1 0 1 0 0 0 0 0 0 1 0 ];
[ 0 0 0 0 1 0 0 0 0 0 0 0 1 0 0 1 ];
[ 1 0 0 0 0 0 1 0 1 0 1 0 0 1 0 0 ]
]
solveTime = 126.37800002098083
isOptimal = true
