t = [
[ 0 0 0 0 0 0 0 0 0 0 0 0 0 0 0 1 ];
[ 1 0 0 0 0 0 0 1 0 0 0 0 0 0 0 0 ];
[ 0 0 0 0 0 0 0 0 0 1 0 1 0 1 0 0 ];
[ 0 0 0 0 0 0 0 0 1 0 1 0 1 0 0 1 ];
[ 0 0 0 0 0 0 0 1 0 0 0 0 0 0 1 0 ];
[ 0 1 0 1 0 0 1 0 0 0 0 1 0 0 0 0 ];
[ 0 0 1 0 1 0 0 0 0 0 0 0 1 0 0 1 ];
[ 0 0 0 0 0 0 1 0 0 1 0 0 0 0 1 0 ];
[ 0 1 0 0 0 0 0 1 0 0 0 1 0 0 0 0 ];
[ 1 0 0 1 0 1 0 0 0 0 1 0 0 0 0 0 ];
[ 0 0 0 0 0 0 0 1 0 0 0 0 0 0 0 1 ];
[ 1 0 1 0 1 0 0 0 0 0 0 0 0 0 0 0 ];
[ 0 1 0 1 0 0 1 0 1 0 0 0 0 0 1 0 ];
[ 0 0 0 0 0 1 0 1 0 0 0 0 1 0 0 0 ];
[ 0 0 1 0 0 0 0 0 0 0 1 0 0 0 1 0 ];
[ 0 1 0 0 0 1 0 0 0 1 0 0 0 0 0 0 ]
]
solveTime = 0.025999784469604492
isOptimal = true
