t = [
[ 0 0 0 0 0 0 0 0 0 0 0 1 0 0 ];
[ 0 0 1 0 0 0 0 1 0 1 0 0 0 1 ];
[ 0 1 0 0 0 0 1 0 0 0 0 0 1 0 ];
[ 0 0 0 1 0 0 0 1 0 0 0 1 0 0 ];
[ 0 1 0 0 0 1 0 0 0 0 0 0 0 0 ];
[ 0 0 0 0 0 0 1 0 0 0 1 0 0 1 ];
[ 0 0 0 0 1 0 0 0 0 1 0 0 0 0 ];
[ 0 1 0 0 0 0 0 0 1 0 1 0 1 0 ];
[ 0 0 0 0 1 0 0 0 0 0 0 1 0 1 ];
[ 0 0 1 0 0 0 0 0 1 0 0 0 0 0 ];
[ 1 0 0 0 0 0 0 0 0 1 0 0 1 0 ];
[ 0 0 0 0 1 0 0 0 1 0 1 0 0 0 ];
[ 0 1 0 0 0 0 1 0 0 0 0 0 0 0 ];
[ 1 0 0 0 1 0 0 1 0 1 0 1 0 1 ]
]
solveTime = 0.009999990463256836
isOptimal = true
