t = [
[ 0 0 0 0 1 0 0 1 0 0 0 1 0 1 0 0 ];
[ 0 0 0 1 0 0 1 0 1 0 0 0 0 0 0 1 ];
[ 1 0 1 0 0 0 0 0 0 0 1 0 0 0 0 0 ];
[ 0 0 0 1 0 1 0 0 1 0 0 0 0 0 1 0 ];
[ 0 0 0 0 1 0 0 0 0 1 0 0 1 0 0 0 ];
[ 0 0 0 0 0 0 0 1 0 0 0 1 0 1 0 1 ];
[ 0 1 0 1 0 1 0 0 0 0 1 0 0 0 0 0 ];
[ 0 0 0 0 1 0 0 1 0 0 0 0 0 0 0 1 ];
[ 0 1 0 0 0 1 0 0 1 0 1 0 0 0 0 0 ];
[ 0 0 0 0 1 0 1 0 0 1 0 1 0 0 0 1 ];
[ 0 0 1 0 0 0 0 1 0 0 0 0 1 0 0 0 ];
[ 0 0 0 0 0 0 0 0 1 0 0 0 0 1 0 1 ];
[ 0 0 1 0 1 0 0 0 0 0 1 0 1 0 0 0 ];
[ 1 0 0 1 0 0 0 0 1 0 0 0 0 0 1 0 ];
[ 0 0 1 0 0 0 1 0 0 0 0 1 0 1 0 0 ];
[ 0 1 0 0 1 0 0 1 0 1 0 0 1 0 0 0 ]
]
solveTime = 56.63300013542175
isOptimal = true
