t = [
[ 0 0 0 0 1 0 0 0 0 0 0 0 0 1 ];
[ 0 0 0 1 0 0 0 0 0 1 0 0 1 0 ];
[ 0 0 1 0 0 0 0 1 0 0 1 0 0 0 ];
[ 1 0 0 0 1 0 0 0 0 0 0 1 0 0 ];
[ 0 1 0 0 0 1 0 0 1 0 0 0 0 1 ];
[ 0 0 1 0 0 0 1 0 0 1 0 0 0 0 ];
[ 1 0 0 0 1 0 0 0 0 0 1 0 1 0 ];
[ 0 1 0 1 0 0 0 1 0 0 0 0 0 0 ];
[ 0 0 1 0 0 0 0 0 0 1 0 1 0 1 ];
[ 0 0 0 1 0 1 0 0 1 0 1 0 0 0 ];
[ 0 0 1 0 1 0 1 0 0 0 0 1 0 0 ];
[ 1 0 0 0 0 0 0 0 1 0 1 0 0 0 ];
[ 0 0 0 0 0 0 1 0 0 1 0 0 1 0 ];
[ 1 0 0 1 0 0 0 1 0 0 1 0 0 1 ]
]
solveTime = 0.5280001163482666
isOptimal = true
