t = [
[ 0 0 0 0 1 0 0 1 0 1 0 0 1 0 0 0 ];
[ 1 0 0 0 0 1 0 0 0 0 1 0 0 1 0 1 ];
[ 0 0 1 0 0 0 0 0 1 0 0 0 1 0 0 0 ];
[ 1 0 0 0 1 0 1 0 0 1 0 1 0 0 0 1 ];
[ 0 0 1 0 0 1 0 0 1 0 0 0 1 0 1 0 ];
[ 0 1 0 1 0 0 1 0 0 1 0 0 0 0 0 0 ];
[ 0 0 0 0 0 0 0 1 0 0 0 1 0 0 1 0 ];
[ 0 0 1 0 0 1 0 0 1 0 1 0 1 0 0 0 ];
[ 1 0 0 1 0 0 1 0 0 1 0 0 0 1 0 1 ];
[ 0 0 1 0 0 1 0 0 1 0 0 0 1 0 0 0 ];
[ 1 0 0 0 1 0 0 0 0 1 0 1 0 0 0 0 ];
[ 0 1 0 0 0 0 1 0 1 0 0 0 1 0 1 0 ];
[ 0 0 1 0 0 1 0 0 0 0 1 0 0 1 0 1 ];
[ 0 1 0 0 1 0 1 0 0 1 0 0 1 0 0 0 ];
[ 0 0 0 1 0 0 0 1 0 0 1 0 0 0 1 0 ];
[ 1 0 0 0 0 1 0 0 1 0 0 1 0 1 0 0 ]
]
solveTime = 46.76699995994568
isOptimal = true
