t = [
[ 0 0 0 0 0 0 1 0 0 0 0 0 1 0 ];
[ 0 0 0 1 0 1 0 0 0 1 0 0 0 0 ];
[ 0 0 0 0 0 0 0 0 1 0 0 0 0 1 ];
[ 0 0 0 0 1 0 0 1 0 0 1 0 1 0 ];
[ 1 0 0 1 0 0 1 0 0 0 0 0 0 0 ];
[ 0 0 1 0 1 0 0 0 0 1 0 0 0 1 ];
[ 0 1 0 0 0 0 0 1 0 0 1 0 0 0 ];
[ 0 0 1 0 1 0 0 0 1 0 0 0 0 1 ];
[ 0 1 0 0 0 1 0 0 0 0 0 1 0 0 ];
[ 0 0 1 0 0 0 1 0 0 1 0 0 0 0 ];
[ 0 0 0 1 0 0 0 0 1 0 1 0 0 1 ];
[ 0 0 0 0 0 1 0 1 0 0 0 0 0 0 ];
[ 1 0 1 0 0 0 1 0 0 0 0 0 1 0 ];
[ 0 0 0 0 0 1 0 0 1 0 0 1 0 0 ]
]
solveTime = 24.658999919891357
isOptimal = true
