t = [
[ 0 0 0 0 0 0 0 0 0 1 0 1 0 0 1 0 ];
[ 0 0 0 0 0 0 0 1 0 0 0 0 0 0 0 0 ];
[ 0 0 0 1 0 1 0 0 0 0 1 0 0 1 0 0 ];
[ 0 1 0 0 0 0 0 1 0 1 0 0 0 0 0 0 ];
[ 1 0 0 0 0 1 0 0 0 0 0 0 1 0 0 0 ];
[ 0 0 0 0 0 0 0 0 0 0 1 0 0 1 0 1 ];
[ 0 0 1 0 0 0 1 0 1 0 0 0 1 0 0 0 ];
[ 1 0 0 0 0 0 0 0 0 0 0 0 0 0 0 1 ];
[ 0 0 0 0 0 0 0 0 0 1 0 1 0 1 0 0 ];
[ 0 1 0 1 0 0 0 0 0 0 0 0 1 0 0 0 ];
[ 0 0 0 0 1 0 0 0 1 0 0 0 0 0 0 1 ];
[ 0 0 0 0 0 0 1 0 0 0 0 1 0 0 1 0 ];
[ 1 0 0 1 0 0 0 1 0 0 1 0 0 1 0 0 ];
[ 0 0 1 0 0 1 0 0 0 0 0 0 0 0 0 1 ];
[ 0 0 0 0 0 0 0 1 0 0 1 0 0 0 1 0 ];
[ 0 0 1 0 1 0 1 0 0 0 0 0 1 0 0 0 ]
]
solveTime = 1.7900002002716064
isOptimal = true
