t = [
[ 0 0 0 0 0 0 0 0 1 0 0 0 1 0 0 1 ];
[ 0 0 0 0 0 0 0 1 0 0 1 0 0 1 0 0 ];
[ 0 0 0 0 0 1 0 0 0 0 0 0 1 0 0 1 ];
[ 0 0 0 0 0 0 1 0 0 1 0 0 0 1 0 0 ];
[ 0 0 0 0 1 0 0 0 1 0 0 0 0 0 1 0 ];
[ 0 1 0 0 0 1 0 1 0 0 0 0 0 0 0 0 ];
[ 0 0 0 0 0 0 0 0 0 0 1 0 0 1 0 1 ];
[ 1 0 0 0 0 0 1 0 1 0 0 0 0 0 0 0 ];
[ 0 0 0 1 0 0 0 1 0 0 0 0 0 1 0 0 ];
[ 0 0 1 0 0 0 0 0 0 1 0 1 0 0 0 0 ];
[ 1 0 0 0 1 0 1 0 0 0 0 0 0 0 0 1 ];
[ 0 0 0 0 0 1 0 0 0 1 0 0 1 0 1 0 ];
[ 0 0 0 1 0 0 0 0 0 0 0 1 0 0 0 0 ];
[ 0 1 0 0 0 0 0 1 0 0 0 0 1 0 1 0 ];
[ 0 0 0 1 0 1 0 0 1 0 1 0 0 0 0 0 ];
[ 1 0 1 0 0 0 0 0 0 0 0 1 0 0 0 1 ]
]
solveTime = 0.028999805450439453
isOptimal = true
