t = [
[ 0 1 0 0 0 0 1 0 0 0 0 0 0 0 0 0 ];
[ 0 0 1 0 0 0 0 0 0 0 1 0 0 1 0 1 ];
[ 0 0 0 0 1 0 1 0 1 0 0 0 1 0 0 0 ];
[ 0 0 0 1 0 0 0 1 0 0 1 0 0 0 0 1 ];
[ 0 1 0 0 1 0 0 0 0 0 0 0 0 0 1 0 ];
[ 0 0 1 0 0 0 0 0 0 0 1 0 0 0 0 0 ];
[ 0 1 0 1 0 0 0 0 1 0 0 0 0 1 0 0 ];
[ 0 0 0 0 0 0 0 1 0 1 0 0 1 0 0 1 ];
[ 1 0 0 0 0 0 0 0 0 0 0 0 0 0 0 0 ];
[ 0 0 1 0 0 0 0 1 0 0 1 0 0 0 1 0 ];
[ 1 0 0 0 0 1 0 0 0 0 0 0 1 0 0 0 ];
[ 0 0 1 0 1 0 0 0 0 0 0 1 0 0 0 0 ];
[ 0 0 0 0 0 0 1 0 1 0 0 0 0 1 0 0 ];
[ 0 0 0 0 0 1 0 0 0 0 0 1 0 0 1 0 ];
[ 0 1 0 0 0 0 0 1 0 1 0 0 0 0 0 0 ];
[ 1 0 0 0 0 0 1 0 0 0 0 0 0 0 1 0 ]
]
solveTime = 21.993000030517578
isOptimal = true
