t = [
[ 1 0 0 0 0 0 1 0 0 0 0 1 0 1 ];
[ 0 0 0 0 0 0 0 0 1 0 1 0 0 0 ];
[ 0 0 0 1 0 1 0 1 0 0 0 0 1 0 ];
[ 0 1 0 0 1 0 0 0 0 1 0 0 0 1 ];
[ 1 0 0 1 0 0 1 0 1 0 0 1 0 0 ];
[ 0 0 1 0 1 0 0 0 0 0 1 0 0 1 ];
[ 0 0 0 0 0 1 0 1 0 0 0 1 0 0 ];
[ 0 1 0 1 0 0 1 0 0 1 0 0 0 1 ];
[ 0 0 1 0 0 1 0 1 0 0 0 1 0 0 ];
[ 0 0 0 1 0 0 0 0 0 0 1 0 0 1 ];
[ 1 0 0 0 1 0 1 0 1 0 0 1 0 0 ];
[ 0 1 0 1 0 0 0 1 0 0 1 0 0 0 ];
[ 0 0 0 0 0 1 0 0 0 1 0 1 0 1 ];
[ 1 0 1 0 0 0 1 0 0 0 0 0 0 0 ]
]
solveTime = 0.18599987030029297
isOptimal = true
