t = [
[ 0 0 0 1 0 1 0 0 0 0 1 0 0 1 ];
[ 0 0 0 0 0 0 1 0 1 0 0 0 0 0 ];
[ 0 1 0 0 0 0 0 1 0 1 0 0 0 1 ];
[ 0 0 0 0 0 0 0 0 0 0 1 0 0 0 ];
[ 0 0 1 0 0 0 0 0 1 0 0 0 1 0 ];
[ 0 0 0 0 1 0 0 0 0 0 0 1 0 1 ];
[ 0 0 0 1 0 1 0 0 0 1 0 0 0 0 ];
[ 0 1 0 0 0 0 0 1 0 0 0 0 0 1 ];
[ 1 0 1 0 0 1 0 0 0 1 0 1 0 0 ];
[ 0 0 0 1 0 0 0 0 1 0 1 0 1 0 ];
[ 0 0 0 0 1 0 0 1 0 0 0 0 0 1 ];
[ 1 0 0 0 0 0 1 0 0 1 0 0 0 0 ];
[ 0 0 0 1 0 0 0 0 0 0 1 0 0 1 ];
[ 0 0 0 0 0 0 0 0 1 0 0 1 0 0 ]
]
solveTime = 3.4179999828338623
isOptimal = true
