t = [
[ 0 0 0 0 1 0 0 0 1 0 1 0 0 1 ];
[ 1 0 0 1 0 0 0 1 0 0 0 1 0 0 ];
[ 0 1 0 0 1 0 1 0 0 0 0 0 1 0 ];
[ 0 0 0 1 0 0 0 1 0 1 0 0 0 0 ];
[ 1 0 0 0 1 0 0 0 0 0 0 0 0 1 ];
[ 0 0 1 0 0 1 0 0 1 0 0 0 0 0 ];
[ 0 1 0 0 0 0 0 0 0 0 1 0 0 1 ];
[ 0 0 0 0 0 0 1 0 1 0 0 1 0 0 ];
[ 0 0 0 0 1 0 0 1 0 0 0 0 0 1 ];
[ 1 0 0 0 0 0 1 0 0 0 1 0 1 0 ];
[ 0 0 0 1 0 1 0 0 1 0 0 0 0 0 ];
[ 0 1 0 0 0 0 1 0 0 0 1 0 0 0 ];
[ 0 0 0 1 0 1 0 0 0 1 0 0 0 1 ];
[ 1 0 1 0 0 0 0 1 0 0 0 1 0 0 ]
]
solveTime = 0.3840000629425049
isOptimal = true
