t = [
[ 0 0 0 0 0 1 0 1 0 0 0 1 0 0 ];
[ 1 0 1 0 1 0 0 0 0 1 0 0 0 0 ];
[ 0 0 0 0 0 1 0 1 0 0 1 0 1 0 ];
[ 1 0 0 1 0 0 1 0 1 0 0 0 0 1 ];
[ 0 0 0 0 0 1 0 0 0 0 0 1 0 0 ];
[ 1 0 1 0 0 0 0 0 1 0 1 0 1 0 ];
[ 0 1 0 1 0 0 0 1 0 1 0 0 0 1 ];
[ 0 0 0 0 0 0 1 0 0 0 0 1 0 0 ];
[ 1 0 1 0 1 0 0 1 0 0 1 0 0 1 ];
[ 0 0 0 1 0 1 0 0 1 0 0 1 0 0 ];
[ 1 0 1 0 0 0 0 0 0 0 1 0 0 1 ];
[ 0 1 0 1 0 1 0 1 0 1 0 1 0 0 ];
[ 0 0 0 0 0 0 1 0 0 0 0 0 1 0 ];
[ 0 1 0 0 1 0 0 1 0 1 0 0 0 1 ]
]
solveTime = 0.12800002098083496
isOptimal = true
