t = [
[ 0 0 1 0 0 0 0 0 0 0 1 0 0 1 0 0 ];
[ 1 0 0 0 0 1 0 1 0 1 0 0 1 0 0 0 ];
[ 0 1 0 0 0 0 1 0 0 0 1 0 0 0 0 1 ];
[ 0 0 0 1 0 0 0 1 0 1 0 1 0 0 0 0 ];
[ 1 0 1 0 0 1 0 0 0 0 0 0 1 0 0 0 ];
[ 0 0 0 1 0 0 1 0 1 0 1 0 0 0 1 0 ];
[ 1 0 1 0 0 0 0 1 0 0 0 1 0 0 0 1 ];
[ 0 1 0 0 1 0 0 0 1 0 0 0 0 0 1 0 ];
[ 0 0 0 0 0 0 0 0 0 0 0 1 0 1 0 0 ];
[ 0 0 1 0 0 0 1 0 0 0 0 0 1 0 0 1 ];
[ 0 1 0 0 0 0 0 0 0 1 0 1 0 1 0 0 ];
[ 1 0 1 0 0 1 0 0 0 0 1 0 0 0 0 0 ];
[ 0 0 0 0 0 0 1 0 0 0 0 0 1 0 0 1 ];
[ 1 0 1 0 0 0 0 0 0 0 1 0 0 0 1 0 ];
[ 0 0 0 1 0 0 0 1 0 1 0 1 0 0 0 0 ];
[ 0 1 0 0 0 1 0 0 0 0 0 0 0 1 0 0 ]
]
solveTime = 4.230999946594238
isOptimal = true
