t = [
[ 0 1 0 0 1 0 0 0 0 1 0 0 1 0 ];
[ 0 0 1 0 0 0 1 0 0 0 0 1 0 0 ];
[ 0 0 0 0 1 0 0 1 0 1 0 0 0 0 ];
[ 1 0 0 0 0 1 0 0 1 0 1 0 0 0 ];
[ 0 1 0 0 0 0 0 1 0 0 0 1 0 0 ];
[ 0 0 0 0 1 0 1 0 0 1 0 0 0 1 ];
[ 1 0 0 1 0 1 0 0 1 0 1 0 0 0 ];
[ 0 0 0 0 0 0 0 1 0 0 0 1 0 1 ];
[ 0 1 0 0 1 0 1 0 0 0 0 0 1 0 ];
[ 1 0 1 0 0 1 0 1 0 0 1 0 0 0 ];
[ 0 0 0 1 0 0 0 0 0 0 0 1 0 1 ];
[ 1 0 1 0 0 1 0 1 0 1 0 0 1 0 ];
[ 0 0 0 0 0 0 1 0 0 0 0 0 0 0 ];
[ 0 0 0 0 1 0 0 1 0 1 0 1 0 1 ]
]
solveTime = 27.365000009536743
isOptimal = true
