t = [
[ 1 0 1 0 0 1 0 0 1 0 1 0 0 0 ];
[ 0 0 0 1 0 0 1 0 0 0 0 1 0 1 ];
[ 0 1 0 0 1 0 0 1 0 1 0 0 0 0 ];
[ 1 0 1 0 0 1 0 0 1 0 0 0 0 1 ];
[ 0 0 0 1 0 0 1 0 0 1 0 1 0 0 ];
[ 0 0 0 0 0 0 0 0 1 0 0 0 1 0 ];
[ 0 1 0 0 1 0 1 0 0 0 1 0 0 0 ];
[ 0 0 0 1 0 0 0 1 0 1 0 1 0 0 ];
[ 1 0 0 0 0 0 0 0 1 0 0 0 0 1 ];
[ 0 1 0 1 0 1 0 0 0 0 1 0 0 0 ];
[ 0 0 0 0 1 0 0 1 0 1 0 0 1 0 ];
[ 1 0 1 0 0 0 1 0 0 0 1 0 0 1 ];
[ 0 0 0 0 0 1 0 0 1 0 0 0 0 0 ];
[ 1 0 1 0 1 0 0 0 0 1 0 0 0 1 ]
]
solveTime = 0.3710000514984131
isOptimal = true
