3,13,15,15,11,5,2,6,16,10,2,7,12,9,8,5
7,1,2,3,16,8,6,11,4,14,5,11,1,13,12,10
16,9,11,11,7,1,14,2,12,6,14,3,8,6,4,1
4,14,15,16,12,5,3,7,2,11,2,9,13,10,10,6
14,8,9,11,6,16,13,2,11,5,12,2,7,5,3,1
9,4,4,5,1,10,8,12,7,16,8,13,2,15,14,11
11,4,5,7,2,11,9,14,7,2,8,14,3,16,16,12
12,6,7,8,4,14,11,15,9,3,10,1,5,2,1,15
6,15,16,1,14,6,4,9,2,13,3,9,14,12,10,7
11,6,6,8,3,12,10,14,8,2,9,16,4,1,1,13
1,11,12,13,10,2,1,4,15,8,16,5,10,8,6,3
2,13,13,14,10,3,1,6,15,9,16,6,11,8,7,4
1,10,11,13,8,1,15,3,13,8,14,5,9,7,5,2
8,3,3,4,16,10,7,12,5,15,6,12,1,14,14,10
13,7,8,9,6,14,12,16,10,4,11,1,7,3,2,16
7,16,1,2,14,7,6,9,4,13,5,10,15,13,11,8
