2,5,4,10,8,1,14,7,7,16,3,13,13,11,15,10
5,7,6,12,10,3,16,10,8,2,6,15,14,14,1,11
10,13,12,2,16,10,6,15,14,8,11,5,5,3,7,2
13,16,15,6,3,12,10,2,1,12,14,8,7,6,10,4
16,3,2,8,7,15,12,5,5,14,1,11,10,9,14,7
9,13,11,1,15,9,5,15,13,7,10,4,3,2,6,16
12,14,13,3,2,10,7,16,15,9,12,6,5,5,8,2
5,9,7,13,11,4,2,10,10,3,6,16,15,14,2,12
3,6,5,12,9,2,15,9,7,1,4,14,13,13,16,10
7,10,10,15,13,6,3,12,11,6,8,3,1,16,4,14
13,15,14,4,2,11,9,1,16,10,13,7,6,5,9,4
8,11,10,16,14,8,4,13,12,7,9,3,3,1,6,15
1,4,3,10,7,16,13,6,5,15,2,13,11,10,14,8
6,10,8,14,12,5,2,12,10,4,7,1,1,15,4,13
14,1,16,6,4,14,10,3,3,12,16,9,8,7,11,5
16,2,2,7,6,14,11,4,3,13,16,11,9,8,12,6
