11,6,2,15,15,3,13,4,9,16,11,9,1,13,5,8
2,14,11,6,8,11,5,13,16,8,4,1,9,4,13,15
1,14,9,5,6,10,5,11,15,8,2,1,8,3,12,15
13,9,6,1,3,6,16,8,11,3,14,12,5,15,9,10
11,7,3,16,16,5,14,5,10,1,12,11,2,13,6,8
9,4,1,12,13,1,12,2,6,15,9,7,16,10,3,5
14,10,6,3,3,7,1,8,13,4,15,14,5,1,9,12
6,3,14,10,12,15,10,16,4,13,7,5,13,8,2,3
6,1,13,10,10,14,8,16,3,11,6,4,13,7,16,2
4,1,12,8,10,13,8,14,2,11,5,4,11,7,15,2
15,11,7,4,4,9,2,10,13,5,1,14,6,1,10,12
10,5,2,13,14,2,12,3,7,16,10,8,1,11,5,6
16,12,8,4,5,10,3,10,15,6,1,16,7,2,11,14
12,9,4,1,1,5,15,6,10,3,13,11,4,14,8,9
4,15,11,7,9,12,7,13,1,9,5,2,10,5,14,16
7,3,16,11,12,1,10,1,6,13,8,7,14,10,2,5
