isOptimal = true
t = [
[ 10 5 9 13 2 11 12 14 3 16 7 15 6 4 1 8 ];
[ 7 2 3 8 15 13 9 10 1 4 6 5 14 11 12 16 ];
[ 14 16 4 15 3 6 8 1 12 9 11 13 10 2 7 5 ];
[ 1 6 11 12 5 7 16 4 10 14 2 8 9 15 3 13 ];
[ 6 15 12 10 9 8 11 5 13 2 3 1 4 7 16 14 ];
[ 13 9 16 11 12 14 7 6 5 8 4 10 2 3 15 1 ];
[ 2 3 14 5 1 4 10 16 11 12 15 7 8 13 9 6 ];
[ 8 1 7 4 13 3 2 15 9 6 14 16 11 5 10 12 ];
[ 9 10 6 16 4 12 15 3 2 13 5 11 1 8 14 7 ];
[ 11 14 1 2 6 9 13 7 8 3 16 4 15 12 5 10 ];
[ 4 13 15 7 11 5 14 8 6 1 10 12 16 9 2 3 ];
[ 5 12 8 3 16 10 1 2 7 15 9 14 13 6 4 11 ];
[ 3 7 10 6 14 1 5 9 15 11 13 2 12 16 8 4 ];
[ 12 8 2 9 10 16 3 11 4 7 1 6 5 14 13 15 ];
[ 16 4 13 1 7 15 6 12 14 5 8 9 3 10 11 2 ];
[ 15 11 5 14 8 2 4 13 16 10 12 3 7 1 6 9 ]
]
solveTime = 2.122080087661743
