isOptimal = true
t = [
[ 13 6 9 15 4 10 14 16 12 11 8 3 7 2 1 5 ];
[ 5 12 7 2 6 8 11 3 16 1 9 10 13 14 4 15 ];
[ 10 14 8 1 13 9 15 7 6 4 5 2 16 11 3 12 ];
[ 4 11 3 16 1 5 12 2 15 13 14 7 8 6 10 9 ];
[ 9 1 12 13 8 14 10 5 3 16 11 4 2 15 7 6 ];
[ 11 2 10 7 9 15 13 4 8 6 12 14 3 16 5 1 ];
[ 16 15 4 14 7 6 3 1 2 9 13 5 11 8 12 10 ];
[ 8 5 6 3 12 16 2 11 10 7 15 1 9 4 14 13 ];
[ 7 3 15 10 11 13 1 14 4 8 16 6 5 12 9 2 ];
[ 6 9 11 8 5 12 4 10 7 2 1 13 15 3 16 14 ];
[ 2 13 1 12 16 7 9 8 5 14 3 15 4 10 6 11 ];
[ 14 4 16 5 2 3 6 15 9 12 10 11 1 7 13 8 ];
[ 15 8 2 4 10 1 16 6 13 5 7 12 14 9 11 3 ];
[ 12 16 14 6 3 11 7 13 1 15 2 9 10 5 8 4 ];
[ 1 10 5 9 14 2 8 12 11 3 4 16 6 13 15 7 ];
[ 3 7 13 11 15 4 5 9 14 10 6 8 12 1 2 16 ]
]
solveTime = 9.20227599143982
