isOptimal = true
t = [
[ 9 7 3 10 13 6 5 16 1 14 8 12 15 2 11 4 ];
[ 8 15 14 16 4 7 12 9 10 3 2 11 6 13 5 1 ];
[ 5 4 12 11 2 14 3 1 15 16 13 6 9 7 8 10 ];
[ 2 1 6 13 8 15 11 10 4 7 5 9 16 12 3 14 ];
[ 11 9 4 14 1 10 2 6 5 12 7 13 8 3 16 15 ];
[ 16 13 2 1 14 12 8 4 11 9 3 15 5 10 7 6 ];
[ 10 3 5 8 7 9 15 11 16 6 14 1 13 4 2 12 ];
[ 12 6 15 7 16 5 13 3 2 8 4 10 1 14 9 11 ];
[ 7 14 13 12 9 16 6 5 3 11 1 2 4 15 10 8 ];
[ 1 16 10 4 3 2 7 15 14 5 6 8 12 11 13 9 ];
[ 6 2 9 15 11 8 1 12 7 13 10 4 3 16 14 5 ];
[ 3 8 11 5 10 4 14 13 12 15 9 16 7 6 1 2 ];
[ 4 10 16 2 5 11 9 7 6 1 12 3 14 8 15 13 ];
[ 15 11 1 3 6 13 4 14 8 10 16 5 2 9 12 7 ];
[ 13 5 7 6 12 3 10 8 9 2 15 14 11 1 4 16 ];
[ 14 12 8 9 15 1 16 2 13 4 11 7 10 5 6 3 ]
]
solveTime = 0.696099042892456
