isOptimal = true
t = [
[ 7 3 10 8 14 4 16 2 12 11 5 1 9 13 6 15 ];
[ 1 9 16 15 12 5 10 7 13 4 8 6 3 11 14 2 ];
[ 11 6 5 4 13 15 1 3 14 7 9 2 8 10 16 12 ];
[ 12 13 2 14 6 9 8 11 15 3 10 16 7 5 1 4 ];
[ 9 4 7 5 10 13 2 16 1 15 3 12 6 8 11 14 ];
[ 16 15 12 10 1 8 14 6 11 5 2 7 4 3 13 9 ];
[ 8 2 3 13 9 7 11 4 16 6 14 10 15 1 12 5 ];
[ 6 14 1 11 3 12 5 15 8 9 4 13 2 16 10 7 ];
[ 5 12 9 6 4 16 13 10 3 1 7 11 14 15 2 8 ];
[ 13 7 8 2 11 3 15 14 6 16 12 4 10 9 5 1 ];
[ 4 1 15 16 8 2 7 9 5 10 13 14 12 6 3 11 ];
[ 10 11 14 3 5 6 12 1 9 2 15 8 13 4 7 16 ];
[ 2 16 4 1 7 14 3 8 10 13 11 9 5 12 15 6 ];
[ 15 8 13 7 2 1 6 5 4 12 16 3 11 14 9 10 ];
[ 14 5 11 12 16 10 9 13 2 8 6 15 1 7 4 3 ];
[ 3 10 6 9 15 11 4 12 7 14 1 5 16 2 8 13 ]
]
solveTime = 32.256744146347046
