isOptimal = true
t = [
[ 7 13 8 10 11 9 14 4 2 16 3 12 5 15 1 6 ];
[ 11 5 9 14 16 6 13 12 10 15 1 7 4 3 8 2 ];
[ 3 16 6 12 2 15 1 8 4 14 5 11 9 7 10 13 ];
[ 2 4 15 1 5 10 3 7 13 6 9 8 11 12 14 16 ];
[ 15 1 3 16 10 5 6 2 7 8 12 14 13 9 4 11 ];
[ 4 11 12 5 1 14 8 15 9 13 16 6 3 2 7 10 ];
[ 6 14 7 8 4 13 16 9 11 3 2 10 12 1 15 5 ];
[ 10 2 13 9 7 3 12 11 1 5 4 15 6 8 16 14 ];
[ 9 10 2 7 14 4 5 16 15 11 13 3 1 6 12 8 ];
[ 1 8 14 3 6 11 2 10 16 12 7 4 15 13 5 9 ];
[ 13 12 11 4 8 7 15 1 5 10 6 9 14 16 2 3 ];
[ 5 6 16 15 3 12 9 13 8 2 14 1 10 4 11 7 ];
[ 16 3 4 13 15 2 11 14 6 1 8 5 7 10 9 12 ];
[ 14 7 1 6 13 16 4 5 12 9 10 2 8 11 3 15 ];
[ 8 9 5 11 12 1 10 6 3 7 15 16 2 14 13 4 ];
[ 12 15 10 2 9 8 7 3 14 4 11 13 16 5 6 1 ]
]
solveTime = 0.15092802047729492
