isOptimal = true
t = [
[ 14 9 13 2 6 4 11 10 5 15 12 7 1 8 3 16 ];
[ 5 7 16 11 2 1 15 12 9 3 10 8 13 14 6 4 ];
[ 10 15 1 3 8 16 14 7 4 6 13 11 5 9 2 12 ];
[ 12 4 6 8 9 5 3 13 14 1 2 16 11 10 15 7 ];
[ 6 3 15 7 13 14 9 4 12 11 16 2 8 1 10 5 ];
[ 2 14 8 5 3 11 12 6 1 10 9 4 16 7 13 15 ];
[ 9 13 12 16 10 8 1 5 15 7 3 14 2 4 11 6 ];
[ 4 1 11 10 15 2 7 16 6 5 8 13 12 3 9 14 ];
[ 8 16 7 4 11 3 10 2 13 12 6 15 14 5 1 9 ];
[ 15 12 3 9 5 6 13 14 11 2 4 1 10 16 7 8 ];
[ 13 6 5 1 12 9 8 15 7 16 14 10 3 2 4 11 ];
[ 11 10 2 14 4 7 16 1 3 8 5 9 15 6 12 13 ];
[ 3 5 10 13 1 15 6 9 8 14 7 12 4 11 16 2 ];
[ 7 11 14 6 16 12 2 8 10 4 15 3 9 13 5 1 ];
[ 16 8 9 12 7 10 4 11 2 13 1 5 6 15 14 3 ];
[ 1 2 4 15 14 13 5 3 16 9 11 6 7 12 8 10 ]
]
solveTime = 3.050938129425049
