isOptimal = true
t = [
[ 1 3 11 5 2 16 9 7 4 14 6 13 8 12 15 10 ];
[ 6 7 9 15 13 4 10 12 8 1 16 5 3 14 2 11 ];
[ 14 4 13 10 11 1 8 3 9 12 15 2 6 16 7 5 ];
[ 8 16 12 2 5 15 14 6 11 3 10 7 9 1 13 4 ];
[ 15 13 4 14 1 3 7 8 16 5 9 10 2 11 12 6 ];
[ 16 11 1 8 15 10 13 9 12 2 4 6 7 5 3 14 ];
[ 10 5 3 7 12 6 11 2 1 13 14 8 15 9 4 16 ];
[ 2 12 6 9 14 5 16 4 3 11 7 15 1 13 10 8 ];
[ 7 15 14 3 4 8 2 16 6 9 11 12 13 10 5 1 ];
[ 12 9 8 1 7 13 6 11 5 10 2 3 16 4 14 15 ];
[ 4 10 5 6 3 12 15 1 13 16 8 14 11 2 9 7 ];
[ 13 2 16 11 10 9 5 14 15 7 1 4 12 6 8 3 ];
[ 3 8 2 13 16 14 12 15 10 6 5 1 4 7 11 9 ];
[ 11 14 15 4 6 2 1 5 7 8 13 9 10 3 16 12 ];
[ 5 1 7 12 9 11 4 10 2 15 3 16 14 8 6 13 ];
[ 9 6 10 16 8 7 3 13 14 4 12 11 5 15 1 2 ]
]
solveTime = 0.8027191162109375
