isOptimal = true
t = [
[ 14 13 1 9 10 5 15 16 11 7 2 3 12 8 4 6 ];
[ 16 6 8 2 7 1 9 11 10 4 12 14 5 13 15 3 ];
[ 15 3 5 4 12 6 14 2 9 1 8 13 16 10 11 7 ];
[ 10 11 12 7 3 13 8 4 15 6 5 16 14 2 1 9 ];
[ 7 16 10 1 5 14 3 6 2 9 13 4 15 11 12 8 ];
[ 2 9 3 14 1 4 10 12 8 15 11 6 7 5 13 16 ];
[ 13 15 6 11 2 7 16 8 12 14 10 5 1 3 9 4 ];
[ 5 8 4 12 9 11 13 15 1 16 3 7 6 14 10 2 ];
[ 3 5 7 16 11 8 12 1 14 13 4 15 2 9 6 10 ];
[ 6 4 2 10 14 16 7 13 3 12 9 8 11 1 5 15 ];
[ 8 14 9 15 4 2 6 10 16 5 1 11 13 7 3 12 ];
[ 1 12 11 13 15 9 5 3 7 2 6 10 4 16 8 14 ];
[ 4 1 16 6 8 10 11 14 5 3 7 12 9 15 2 13 ];
[ 11 2 15 3 13 12 1 7 6 8 14 9 10 4 16 5 ];
[ 9 7 13 8 6 15 2 5 4 10 16 1 3 12 14 11 ];
[ 12 10 14 5 16 3 4 9 13 11 15 2 8 6 7 1 ]
]
solveTime = 0.2910599708557129
