isOptimal = true
t = [
[ 7 2 8 14 5 3 12 6 10 11 16 1 4 15 13 9 ];
[ 5 1 11 4 8 9 7 15 14 3 12 13 10 6 16 2 ];
[ 9 12 6 16 11 10 2 13 8 5 15 4 7 3 1 14 ];
[ 10 15 3 13 1 14 16 4 9 7 6 2 5 8 12 11 ];
[ 15 16 7 1 12 13 14 3 5 8 4 10 2 9 11 6 ];
[ 14 6 13 11 2 5 10 9 15 1 3 16 12 7 8 4 ];
[ 3 9 4 10 6 8 11 7 12 13 2 14 16 1 5 15 ];
[ 2 5 12 8 15 16 4 1 11 6 7 9 14 10 3 13 ];
[ 16 11 2 9 13 6 3 12 1 4 10 7 15 5 14 8 ];
[ 8 10 1 7 9 4 5 11 16 12 14 15 6 13 2 3 ];
[ 6 4 14 5 16 2 15 8 3 9 13 11 1 12 7 10 ];
[ 12 13 15 3 14 7 1 10 6 2 8 5 9 11 4 16 ];
[ 1 3 10 12 4 11 9 2 13 16 5 6 8 14 15 7 ];
[ 4 8 5 2 3 15 6 14 7 10 11 12 13 16 9 1 ];
[ 11 7 9 15 10 12 13 16 4 14 1 8 3 2 6 5 ];
[ 13 14 16 6 7 1 8 5 2 15 9 3 11 4 10 12 ]
]
solveTime = 58.91576099395752
