isOptimal = true
t = [
[ 8 15 11 10 5 6 13 1 3 4 7 12 14 9 2 16 ];
[ 4 7 9 13 12 16 14 3 10 5 2 15 6 11 1 8 ];
[ 3 12 1 6 10 7 9 2 8 16 14 11 5 15 13 4 ];
[ 2 16 5 14 8 4 15 11 1 13 9 6 3 12 10 7 ];
[ 16 6 10 11 13 12 7 5 9 3 15 1 8 4 14 2 ];
[ 5 14 3 7 15 8 11 6 13 2 16 4 1 10 12 9 ];
[ 15 13 2 8 4 3 1 9 6 14 12 10 7 16 11 5 ];
[ 12 1 4 9 2 10 16 14 11 7 5 8 15 6 3 13 ];
[ 6 8 15 2 16 13 3 7 5 11 10 14 9 1 4 12 ];
[ 7 10 14 1 6 15 2 12 16 8 4 9 13 3 5 11 ];
[ 9 11 12 4 14 1 5 10 2 15 3 13 16 8 7 6 ];
[ 13 3 16 5 11 9 8 4 12 6 1 7 10 2 15 14 ];
[ 11 2 8 3 9 14 10 15 7 12 6 5 4 13 16 1 ];
[ 1 5 6 15 7 11 12 8 4 10 13 16 2 14 9 3 ];
[ 14 9 13 12 3 5 4 16 15 1 8 2 11 7 6 10 ];
[ 10 4 7 16 1 2 6 13 14 9 11 3 12 5 8 15 ]
]
solveTime = 0.15845012664794922
