isOptimal = true
t = [
[ 7 1 11 10 8 16 13 4 5 3 9 14 2 15 12 6 ];
[ 8 9 16 14 15 11 3 12 7 6 10 2 1 4 13 5 ];
[ 2 13 12 5 1 6 10 14 15 4 8 16 9 7 3 11 ];
[ 4 6 3 15 7 9 5 2 13 11 1 12 8 14 16 10 ];
[ 16 12 15 8 13 14 4 5 10 2 11 3 7 1 6 9 ];
[ 14 4 5 13 2 12 7 10 1 9 15 6 3 11 8 16 ];
[ 6 10 7 11 3 15 9 1 12 8 16 5 13 2 14 4 ];
[ 1 3 2 9 16 8 11 6 4 14 7 13 10 5 15 12 ];
[ 5 14 1 3 11 4 12 15 6 10 2 7 16 8 9 13 ];
[ 9 16 13 7 6 5 2 3 8 1 12 15 11 10 4 14 ];
[ 11 8 6 2 14 10 1 16 3 13 4 9 5 12 7 15 ];
[ 12 15 10 4 9 7 8 13 16 5 14 11 6 3 2 1 ];
[ 10 2 4 12 5 1 16 9 14 7 6 8 15 13 11 3 ];
[ 15 7 8 16 10 3 14 11 9 12 13 1 4 6 5 2 ];
[ 3 11 9 1 12 13 6 8 2 15 5 4 14 16 10 7 ];
[ 13 5 14 6 4 2 15 7 11 16 3 10 12 9 1 8 ]
]
solveTime = 0.0793299674987793
