isOptimal = true
t = [
[ 7 5 15 13 3 14 12 11 8 6 1 10 2 9 16 4 ];
[ 8 11 2 4 16 10 6 15 3 14 12 9 5 13 7 1 ];
[ 9 10 16 12 4 8 1 7 2 5 13 11 3 6 15 14 ];
[ 6 1 3 14 2 5 9 13 16 15 4 7 12 8 11 10 ];
[ 15 9 1 6 11 12 2 8 13 7 3 14 10 5 4 16 ];
[ 16 3 12 5 14 4 7 9 1 10 6 15 13 11 8 2 ];
[ 10 4 11 8 6 1 13 5 12 9 2 16 15 7 14 3 ];
[ 2 13 14 7 15 3 16 10 4 11 5 8 1 12 9 6 ];
[ 12 6 10 15 8 11 3 4 9 2 16 1 7 14 13 5 ];
[ 14 16 4 9 1 7 5 2 11 12 10 13 6 15 3 8 ];
[ 13 2 5 3 9 16 10 14 15 8 7 6 11 4 1 12 ];
[ 1 7 8 11 13 6 15 12 5 3 14 4 16 10 2 9 ];
[ 5 15 6 1 7 2 4 3 14 13 8 12 9 16 10 11 ];
[ 11 8 13 2 12 9 14 1 10 16 15 5 4 3 6 7 ];
[ 3 14 7 10 5 13 11 16 6 4 9 2 8 1 12 15 ];
[ 4 12 9 16 10 15 8 6 7 1 11 3 14 2 5 13 ]
]
solveTime = 0.9778950214385986
