isOptimal = true
t = [
[ 14 2 12 6 1 13 5 7 3 8 15 10 9 4 16 11 ];
[ 13 1 5 10 16 6 14 8 12 9 4 11 7 2 3 15 ];
[ 15 11 3 8 10 4 2 9 16 1 7 13 14 12 6 5 ];
[ 4 16 9 7 15 12 3 11 5 14 2 6 1 8 10 13 ];
[ 9 14 1 3 6 11 4 2 7 5 12 8 16 13 15 10 ];
[ 2 5 15 16 3 1 13 14 10 11 9 4 12 6 8 7 ];
[ 6 12 10 4 9 7 8 16 14 15 13 3 5 11 1 2 ];
[ 8 7 11 13 12 15 10 5 2 6 16 1 3 14 4 9 ];
[ 12 15 14 9 4 16 11 13 6 2 1 7 10 3 5 8 ];
[ 5 8 16 11 7 2 1 3 15 13 10 14 4 9 12 6 ];
[ 10 4 7 2 14 5 6 15 9 3 8 12 11 16 13 1 ];
[ 3 13 6 1 8 9 12 10 11 4 5 16 15 7 2 14 ];
[ 7 3 13 5 2 8 16 12 1 10 11 9 6 15 14 4 ];
[ 1 6 2 12 5 14 9 4 8 7 3 15 13 10 11 16 ];
[ 11 10 8 15 13 3 7 6 4 16 14 5 2 1 9 12 ];
[ 16 9 4 14 11 10 15 1 13 12 6 2 8 5 7 3 ]
]
solveTime = 0.7104370594024658
