t = [
[ 1 1 2 2 1 2 1 1 2 1 2 2 1 1 2 1 2 2 1 2 ];
[ 2 1 1 2 1 1 2 2 1 2 1 1 2 2 1 2 2 1 2 1 ];
[ 2 2 1 1 2 2 1 1 2 1 2 2 1 2 1 2 1 2 1 1 ];
[ 1 1 2 2 1 2 2 1 2 1 2 1 2 1 2 1 1 2 1 2 ];
[ 2 1 2 1 2 1 1 2 1 2 1 1 2 1 2 1 2 1 2 2 ];
[ 2 2 1 2 1 1 2 1 2 1 2 2 1 2 1 2 1 2 1 1 ];
[ 1 1 2 2 1 2 2 1 2 2 1 1 2 1 2 1 1 2 1 2 ];
[ 2 2 1 1 2 1 1 2 1 1 2 2 1 2 1 1 2 1 2 2 ];
[ 1 2 1 1 2 2 1 2 1 2 1 1 2 1 2 2 1 2 2 1 ];
[ 1 1 2 2 1 2 2 1 2 1 1 2 1 2 2 1 2 1 1 2 ];
[ 2 1 2 1 2 1 1 2 1 2 2 1 2 1 1 2 2 1 2 1 ];
[ 2 2 1 2 1 1 2 1 2 1 2 1 2 1 2 1 1 2 1 2 ];
[ 1 2 2 1 2 2 1 2 1 2 1 2 1 2 1 2 1 1 2 1 ];
[ 1 1 2 1 2 1 2 1 2 2 1 1 2 1 1 2 2 1 2 2 ];
[ 2 2 1 2 1 2 1 2 1 1 2 2 1 1 2 1 2 2 1 1 ];
[ 1 2 1 2 2 1 2 1 2 1 1 2 1 2 1 2 1 1 2 2 ];
[ 2 1 2 1 1 2 1 2 1 2 2 1 2 2 1 1 2 2 1 1 ];
[ 1 2 1 1 2 1 2 1 1 2 2 1 2 1 2 2 1 1 2 2 ];
[ 1 2 1 2 1 2 1 2 2 1 1 2 1 2 1 2 2 1 2 1 ];
[ 2 1 2 1 2 1 2 2 1 2 1 2 1 2 2 1 1 2 1 1 ]
]
solveTime = 0.026000022888183594
isOptimal = true
