t = [
[ 1 1 2 1 2 1 2 2 1 2 2 1 1 2 1 1 2 2 1 2 ];
[ 2 1 1 2 1 2 2 1 1 2 1 2 2 1 2 2 1 1 2 1 ];
[ 1 2 2 1 2 1 1 2 2 1 2 1 2 2 1 2 1 2 1 1 ];
[ 1 1 2 1 2 2 1 1 2 1 2 1 1 2 2 1 2 2 1 2 ];
[ 2 2 1 2 1 1 2 1 1 2 1 2 2 1 1 2 2 1 2 1 ];
[ 2 1 2 1 2 1 1 2 2 1 2 2 1 1 2 2 1 2 1 1 ];
[ 1 2 1 2 1 2 1 2 1 2 2 1 1 2 2 1 1 2 1 2 ];
[ 2 1 2 1 2 1 2 1 2 1 1 2 2 1 1 2 2 1 2 1 ];
[ 2 1 1 2 1 2 1 1 2 2 1 1 2 1 1 2 2 1 2 2 ];
[ 1 2 1 2 2 1 2 2 1 1 2 2 1 2 2 1 1 2 1 1 ];
[ 1 1 2 1 2 1 1 2 2 1 2 1 2 2 1 2 2 1 1 2 ];
[ 2 2 1 2 1 2 2 1 1 2 1 2 1 1 2 1 1 2 2 1 ];
[ 2 1 2 2 1 2 1 2 1 1 2 1 1 2 1 2 1 1 2 2 ];
[ 1 2 1 1 2 1 2 1 2 2 1 2 2 1 2 1 2 1 1 2 ];
[ 1 1 2 2 1 2 1 2 1 1 2 1 2 1 2 2 1 2 2 1 ];
[ 2 2 1 2 1 2 2 1 2 1 1 2 1 2 1 1 2 1 1 2 ];
[ 1 2 2 1 2 1 1 2 1 2 1 1 2 1 2 1 2 1 2 2 ];
[ 1 1 2 1 1 2 2 1 2 1 2 2 1 2 1 2 1 2 2 1 ];
[ 2 2 1 2 1 1 2 1 2 2 1 1 2 2 1 1 2 1 1 2 ];
[ 2 2 1 1 2 2 1 2 1 2 1 2 1 1 2 1 1 2 2 1 ]
]
solveTime = 0.039999961853027344
isOptimal = true
