t = [
[ 2 1 1 2 2 1 1 2 1 2 2 1 1 2 2 1 2 1 1 2 ];
[ 1 2 2 1 1 2 2 1 2 1 2 1 2 1 1 2 1 1 2 2 ];
[ 2 2 1 2 2 1 1 2 1 2 1 2 1 2 1 1 2 2 1 1 ];
[ 1 1 2 1 1 2 2 1 2 1 2 1 1 2 2 1 2 2 1 2 ];
[ 2 2 1 2 2 1 2 1 1 2 1 2 2 1 1 2 1 1 2 1 ];
[ 1 1 2 1 1 2 1 2 2 1 2 2 1 2 1 2 1 2 2 1 ];
[ 1 2 1 2 1 1 2 1 1 2 2 1 2 1 2 1 2 2 1 2 ];
[ 2 1 2 1 2 2 1 2 2 1 1 2 1 1 2 2 1 1 2 1 ];
[ 2 1 1 2 1 2 1 1 2 2 1 1 2 2 1 2 1 1 2 2 ];
[ 1 2 1 1 2 1 2 2 1 1 2 2 1 1 2 1 2 2 1 2 ];
[ 1 1 2 1 2 1 2 1 2 2 1 1 2 2 1 2 2 1 2 1 ];
[ 2 1 2 2 1 2 1 2 1 1 2 2 1 1 2 1 1 2 1 2 ];
[ 2 2 1 2 1 2 2 1 1 2 1 1 2 2 1 1 2 1 2 1 ];
[ 1 2 2 1 2 1 1 2 2 1 2 1 2 2 1 2 1 1 2 1 ];
[ 1 1 2 1 1 2 2 1 2 2 1 2 1 1 2 1 2 2 1 2 ];
[ 2 2 1 2 2 1 1 2 1 1 2 1 2 1 2 2 1 2 1 1 ];
[ 1 2 1 1 2 1 2 1 2 1 1 2 1 2 1 2 2 1 2 2 ];
[ 2 1 2 2 1 2 1 2 1 2 2 1 1 2 2 1 1 2 1 1 ];
[ 1 2 1 1 2 1 1 2 2 1 1 2 2 1 2 1 2 2 1 2 ];
[ 2 1 2 2 1 2 2 1 1 2 1 2 2 1 1 2 1 1 2 1 ]
]
solveTime = 0.0280001163482666
isOptimal = true
