t = [
[ 2 2 1 1 2 1 2 2 1 1 2 1 1 2 ];
[ 2 1 1 2 1 2 2 1 2 2 1 1 2 1 ];
[ 1 2 2 1 2 1 1 2 2 1 2 2 1 1 ];
[ 1 1 2 2 1 2 1 2 1 1 2 2 1 2 ];
[ 2 2 1 1 2 1 2 1 1 2 1 1 2 2 ];
[ 1 1 2 2 1 2 1 2 2 1 1 2 2 1 ];
[ 2 1 1 2 1 2 1 2 1 2 2 1 1 2 ];
[ 1 2 2 1 2 1 2 1 1 2 1 2 2 1 ];
[ 2 1 2 2 1 2 1 1 2 1 1 2 1 2 ];
[ 1 2 1 2 1 2 1 2 1 2 2 1 2 1 ];
[ 2 2 1 1 2 1 2 1 2 1 2 2 1 1 ];
[ 1 1 2 1 2 1 2 2 1 2 1 1 2 2 ];
[ 1 1 2 2 1 2 1 1 2 2 1 2 1 2 ];
[ 2 2 1 1 2 1 2 1 2 1 2 1 2 1 ]
]
solveTime = 0.007999897003173828
isOptimal = true
