t = [
[ 1 2 1 2 1 2 1 2 1 2 1 1 2 2 ];
[ 2 1 2 2 1 1 2 1 2 1 2 1 2 1 ];
[ 2 2 1 1 2 1 2 1 2 2 1 2 1 1 ];
[ 1 1 2 1 2 2 1 2 1 1 2 2 1 2 ];
[ 1 2 1 2 1 2 2 1 1 2 2 1 2 1 ];
[ 2 1 2 1 2 1 1 2 2 1 1 2 1 2 ];
[ 2 1 2 1 2 1 1 2 1 2 1 1 2 2 ];
[ 1 2 1 2 1 2 2 1 1 2 2 1 2 1 ];
[ 1 2 1 1 2 2 1 2 2 1 2 2 1 1 ];
[ 2 1 2 2 1 1 2 1 2 1 1 2 1 2 ];
[ 1 1 2 1 2 1 2 1 1 2 2 1 2 2 ];
[ 1 2 1 1 2 2 1 2 2 1 2 2 1 1 ];
[ 2 1 2 2 1 2 1 2 2 1 1 2 1 1 ];
[ 2 2 1 2 1 1 2 1 1 2 1 1 2 2 ]
]
solveTime = 0.015000104904174805
isOptimal = true
