t = [
[ 1 1 2 1 1 2 1 2 2 1 2 1 2 2 ];
[ 2 2 1 2 1 2 2 1 1 2 1 1 2 1 ];
[ 1 1 2 1 2 1 1 2 2 1 2 2 1 2 ];
[ 2 1 2 2 1 2 1 1 2 2 1 1 2 1 ];
[ 1 2 1 2 1 1 2 2 1 1 2 2 1 2 ];
[ 2 1 2 1 2 2 1 1 2 1 1 2 1 2 ];
[ 2 1 1 2 1 2 1 2 1 2 2 1 2 1 ];
[ 1 2 1 2 2 1 2 1 1 2 1 2 1 2 ];
[ 1 2 2 1 2 1 2 1 2 1 2 2 1 1 ];
[ 2 1 1 2 1 2 1 2 2 1 2 1 2 1 ];
[ 1 2 2 1 2 1 2 1 1 2 1 2 1 2 ];
[ 1 2 1 2 2 1 1 2 2 1 2 1 2 1 ];
[ 2 1 2 1 1 2 2 1 1 2 1 1 2 2 ];
[ 2 2 1 1 2 1 2 2 1 2 1 2 1 1 ]
]
solveTime = 0.008999824523925781
isOptimal = true
