t = [
[ 2 1 2 2 1 2 1 1 2 1 2 1 1 2 1 2 ];
[ 2 1 2 1 1 2 1 1 2 2 1 2 2 1 2 1 ];
[ 1 2 1 1 2 1 2 2 1 1 2 2 1 2 1 2 ];
[ 1 2 1 2 2 1 2 2 1 2 1 1 2 2 1 1 ];
[ 2 1 2 1 1 2 1 1 2 2 1 2 1 1 2 2 ];
[ 1 2 1 2 1 2 1 2 2 1 2 1 2 1 2 1 ];
[ 1 1 2 1 2 1 2 2 1 2 2 1 2 2 1 1 ];
[ 2 1 2 1 1 2 2 1 2 1 1 2 1 2 1 2 ];
[ 1 2 1 2 2 1 1 2 1 2 2 1 2 1 2 1 ];
[ 2 2 1 1 2 1 2 1 1 2 1 1 2 2 1 2 ];
[ 1 1 2 2 1 2 1 2 2 1 2 2 1 1 2 1 ];
[ 1 2 1 2 2 1 2 1 2 1 2 1 1 2 1 2 ];
[ 2 1 2 1 1 2 1 2 1 2 1 2 2 1 2 1 ];
[ 2 2 1 2 2 1 2 2 1 1 2 1 1 2 1 1 ];
[ 1 2 2 1 1 2 1 1 2 1 1 2 2 1 2 2 ];
[ 2 1 1 2 2 1 2 1 1 2 1 2 1 1 2 2 ]
]
solveTime = 0.011999845504760742
isOptimal = true
