t = [
[ 2 2 1 2 1 2 1 1 2 1 2 1 1 2 1 1 2 2 ];
[ 1 2 1 2 1 1 2 2 1 1 2 2 1 2 2 1 2 1 ];
[ 2 1 2 1 2 2 1 2 1 2 1 1 2 1 1 2 1 2 ];
[ 1 2 1 2 1 2 1 1 2 1 2 2 1 1 2 2 1 2 ];
[ 1 1 2 1 2 1 2 1 2 1 2 2 1 2 2 1 2 1 ];
[ 2 1 1 2 2 1 2 2 1 2 1 1 2 1 1 2 1 2 ];
[ 1 2 2 1 1 2 1 1 2 2 1 2 2 1 2 1 2 1 ];
[ 2 2 1 1 2 1 2 2 1 1 2 2 1 2 1 1 2 1 ];
[ 1 1 2 2 1 1 2 1 2 2 1 1 2 1 2 2 1 2 ];
[ 2 2 1 1 2 2 1 2 1 1 2 1 2 2 1 1 2 1 ];
[ 1 1 2 1 2 1 2 1 2 2 1 2 1 1 2 1 2 2 ];
[ 2 2 1 2 1 2 1 2 1 1 2 1 2 2 1 2 1 1 ];
[ 1 1 2 1 2 1 2 1 2 1 2 1 2 1 2 2 1 2 ];
[ 1 1 2 2 1 2 2 1 2 2 1 2 1 2 1 1 2 1 ];
[ 2 2 1 2 1 2 1 2 1 2 1 2 1 1 2 2 1 1 ];
[ 1 2 1 1 2 1 2 1 2 1 2 1 2 1 2 2 1 2 ];
[ 2 1 2 2 1 2 1 2 1 2 1 1 2 2 1 1 2 1 ];
[ 2 1 2 1 2 1 1 2 1 2 1 2 1 2 1 2 1 2 ]
]
solveTime = 0.02500009536743164
isOptimal = true
