t = [
[ 1 1 2 2 1 2 2 1 2 2 1 1 2 1 2 1 1 2 ];
[ 2 2 1 1 2 1 2 2 1 1 2 2 1 2 1 1 2 1 ];
[ 1 2 1 1 2 2 1 2 1 2 1 2 2 1 1 2 2 1 ];
[ 2 1 2 2 1 1 2 1 2 1 2 1 1 2 2 1 1 2 ];
[ 2 2 1 2 1 2 1 2 1 1 2 1 1 2 1 2 1 2 ];
[ 1 1 2 1 2 2 1 1 2 2 1 2 2 1 1 2 2 1 ];
[ 2 2 1 1 2 1 2 2 1 1 2 2 1 1 2 1 1 2 ];
[ 2 1 1 2 1 2 1 1 2 1 2 1 1 2 2 1 2 2 ];
[ 1 1 2 2 1 2 2 1 2 2 1 2 2 1 1 2 1 1 ];
[ 2 2 1 1 2 1 1 2 1 2 1 2 1 2 2 1 1 2 ];
[ 2 2 1 1 2 1 1 2 2 1 2 1 2 1 1 2 2 1 ];
[ 1 1 2 2 1 2 2 1 2 1 1 2 1 2 1 2 1 2 ];
[ 2 1 2 1 2 1 1 2 1 2 1 1 2 1 2 1 2 2 ];
[ 1 2 1 1 2 2 1 2 1 2 2 1 2 1 2 2 1 1 ];
[ 1 1 2 2 1 1 2 1 2 1 2 2 1 2 1 2 2 1 ];
[ 2 2 1 2 1 2 1 1 2 1 1 2 1 2 2 1 1 2 ];
[ 1 2 2 1 2 1 2 2 1 2 1 1 2 1 2 1 2 1 ];
[ 1 1 2 2 1 1 2 1 1 2 2 1 2 2 1 2 2 1 ]
]
solveTime = 0.012000083923339844
isOptimal = true
