t = [
[ 2 2 1 2 1 2 1 2 1 1 2 2 1 2 1 1 ];
[ 2 1 2 1 1 2 1 2 2 1 1 2 1 1 2 2 ];
[ 1 2 2 1 2 1 2 1 1 2 2 1 2 1 2 1 ];
[ 2 2 1 2 2 1 1 2 2 1 1 2 1 2 1 1 ];
[ 2 1 1 2 1 2 1 1 2 2 1 2 2 1 1 2 ];
[ 1 2 2 1 1 2 2 1 1 2 2 1 1 2 2 1 ];
[ 1 2 1 1 2 1 2 2 1 1 2 1 2 1 2 2 ];
[ 2 1 2 2 1 2 1 1 2 1 1 2 1 2 1 2 ];
[ 1 1 2 1 2 1 2 2 1 2 2 1 2 1 2 1 ];
[ 1 2 1 2 1 1 2 1 1 2 2 1 2 2 1 2 ];
[ 2 1 2 1 2 2 1 2 2 1 1 2 1 1 2 1 ];
[ 1 2 1 2 2 1 2 1 2 2 1 1 2 1 1 2 ];
[ 2 1 1 2 1 2 1 2 1 2 2 1 2 2 1 1 ];
[ 1 2 2 1 2 1 2 1 2 1 1 2 1 2 2 1 ];
[ 1 1 2 1 1 2 1 2 2 1 2 1 2 1 2 2 ];
[ 2 1 1 2 2 1 2 1 1 2 1 2 1 2 1 2 ]
]
solveTime = 0.010999917984008789
isOptimal = true
