t = [
[ 2 1 2 1 2 1 2 2 1 1 2 1 2 1 ];
[ 2 1 1 2 1 1 2 1 2 2 1 2 2 1 ];
[ 1 2 2 1 2 2 1 2 1 1 2 1 1 2 ];
[ 1 1 2 1 2 2 1 1 2 2 1 2 2 1 ];
[ 2 2 1 2 1 1 2 1 2 1 1 2 1 2 ];
[ 1 1 2 1 2 1 2 2 1 2 2 1 2 1 ];
[ 2 1 1 2 1 2 1 2 1 1 2 1 2 2 ];
[ 1 2 1 2 1 1 2 1 2 2 1 2 1 2 ];
[ 1 2 2 1 2 2 1 2 2 1 1 2 1 1 ];
[ 2 1 1 2 1 2 1 2 1 2 2 1 2 1 ];
[ 1 2 1 2 2 1 2 1 1 2 1 2 1 2 ];
[ 1 2 2 1 2 2 1 1 2 1 2 1 2 1 ];
[ 2 1 2 1 1 2 1 2 1 2 2 1 1 2 ];
[ 2 2 1 2 1 1 2 1 2 1 1 2 1 2 ]
]
solveTime = 0.01399993896484375
isOptimal = true
