t = [
[ 2 1 2 2 1 2 1 1 2 1 2 1 2 1 ];
[ 1 2 1 2 1 2 2 1 2 2 1 2 1 1 ];
[ 1 2 2 1 2 1 1 2 1 1 2 2 1 2 ];
[ 2 1 2 1 1 2 1 2 2 1 2 1 2 1 ];
[ 2 1 1 2 2 1 2 1 1 2 1 2 1 2 ];
[ 1 2 2 1 2 2 1 2 2 1 1 2 1 1 ];
[ 2 1 1 2 1 1 2 2 1 2 2 1 2 1 ];
[ 2 1 2 2 1 1 2 1 1 2 1 2 1 2 ];
[ 1 2 1 1 2 2 1 1 2 1 2 1 2 2 ];
[ 2 1 1 2 2 1 2 2 1 2 1 1 2 1 ];
[ 1 2 2 1 1 2 2 1 1 2 1 2 1 2 ];
[ 1 2 1 1 2 1 1 2 2 1 2 1 2 2 ];
[ 2 1 1 2 1 2 2 1 1 2 2 1 2 1 ];
[ 1 2 2 1 2 1 1 2 2 1 1 2 1 2 ]
]
solveTime = 0.01100015640258789
isOptimal = true
