t = [
[ 2 1 1 2 2 1 2 1 2 1 2 1 1 2 1 1 2 1 2 2 ];
[ 1 2 2 1 2 1 1 2 1 2 1 2 2 1 1 2 1 2 2 1 ];
[ 2 2 1 2 1 2 1 1 2 1 2 2 1 1 2 2 1 2 1 1 ];
[ 1 1 2 2 1 1 2 2 1 1 2 1 1 2 2 1 2 1 2 2 ];
[ 1 2 1 1 2 1 2 1 2 2 1 2 2 1 1 2 1 1 2 2 ];
[ 2 2 1 1 2 2 1 2 1 1 2 1 1 2 2 1 2 2 1 1 ];
[ 1 1 2 2 1 2 1 1 2 1 1 2 2 1 2 2 1 2 2 1 ];
[ 2 2 1 1 2 1 2 2 1 2 2 1 1 2 1 1 2 1 1 2 ];
[ 1 1 2 2 1 2 2 1 1 2 1 1 2 1 2 1 2 1 2 2 ];
[ 1 1 2 2 1 2 1 2 2 1 1 2 2 1 2 2 1 2 1 1 ];
[ 2 2 1 1 2 1 2 2 1 2 2 1 1 2 1 2 1 1 2 1 ];
[ 2 2 1 2 1 1 2 1 1 2 1 1 2 1 2 1 2 2 1 2 ];
[ 1 1 2 1 1 2 1 2 2 1 2 2 1 2 1 2 2 1 1 2 ];
[ 2 1 2 1 2 2 1 1 2 2 1 2 1 1 2 1 1 2 2 1 ];
[ 1 2 1 2 1 1 2 2 1 2 2 1 2 2 1 2 1 2 1 1 ];
[ 2 1 1 2 2 1 1 2 2 1 1 2 2 1 1 2 2 1 1 2 ];
[ 1 2 2 1 1 2 2 1 1 2 2 1 1 2 2 1 2 1 2 1 ];
[ 2 1 2 1 2 2 1 2 2 1 1 2 1 2 2 1 1 2 1 1 ];
[ 1 2 1 2 2 1 2 1 1 2 1 2 2 1 1 2 1 1 2 2 ];
[ 2 1 2 1 1 2 1 1 2 1 2 1 2 2 1 1 2 2 1 2 ]
]
solveTime = 0.019999980926513672
isOptimal = true
