t = [
[ 2 1 2 1 1 2 1 2 1 1 2 1 2 2 ];
[ 2 2 1 2 1 1 2 1 1 2 1 2 1 2 ];
[ 1 1 2 1 2 2 1 2 2 1 2 2 1 1 ];
[ 1 2 1 2 1 2 1 2 1 2 1 1 2 2 ];
[ 2 1 2 1 2 1 2 1 2 2 1 1 2 1 ];
[ 1 2 2 1 2 2 1 2 1 1 2 2 1 1 ];
[ 2 1 1 2 1 1 2 1 2 1 2 2 1 2 ];
[ 1 2 1 2 1 2 2 1 2 2 1 1 2 1 ];
[ 1 2 2 1 2 1 1 2 1 1 2 2 1 2 ];
[ 2 1 2 2 1 2 2 1 1 2 1 1 2 1 ];
[ 1 2 1 2 2 1 2 1 2 2 1 2 1 1 ];
[ 1 1 2 1 2 2 1 2 2 1 2 1 1 2 ];
[ 2 1 1 2 1 1 2 1 1 2 2 1 2 2 ];
[ 2 2 1 1 2 1 1 2 2 1 1 2 2 1 ]
]
solveTime = 0.015999794006347656
isOptimal = true
