t = [
[ 1 2 1 2 1 2 2 1 2 1 1 2 1 1 2 1 2 2 1 2 ];
[ 2 2 1 2 1 1 2 2 1 2 1 1 2 1 2 2 1 1 2 1 ];
[ 2 1 2 1 2 1 1 2 2 1 2 2 1 2 1 1 2 1 1 2 ];
[ 1 1 2 2 1 2 2 1 1 2 2 1 1 2 1 1 2 2 1 2 ];
[ 1 2 1 1 2 1 2 2 1 2 1 2 2 1 2 2 1 1 2 1 ];
[ 2 1 2 1 2 2 1 1 2 1 2 1 2 2 1 2 1 1 2 1 ];
[ 1 2 1 2 1 1 2 1 2 2 1 2 1 1 2 1 2 2 1 2 ];
[ 2 1 2 1 2 1 1 2 1 1 2 2 1 2 1 1 2 1 2 2 ];
[ 1 2 1 2 1 2 1 2 2 1 2 1 2 1 2 2 1 2 1 1 ];
[ 2 1 2 1 2 1 2 1 2 2 1 2 1 2 1 2 1 2 1 1 ];
[ 1 2 2 1 2 1 2 1 1 2 2 1 1 2 1 1 2 1 2 2 ];
[ 2 1 1 2 1 2 1 2 2 1 1 2 2 1 2 1 2 2 1 1 ];
[ 1 2 2 1 1 2 1 2 2 1 2 1 1 2 1 2 1 1 2 2 ];
[ 1 2 2 1 2 1 2 1 1 2 2 1 2 2 1 1 2 2 1 1 ];
[ 2 1 1 2 1 2 1 1 2 1 1 2 2 1 2 2 1 1 2 2 ];
[ 2 2 1 2 2 1 2 2 1 1 2 1 1 2 1 2 1 2 1 1 ];
[ 1 1 2 1 2 2 1 2 1 2 1 1 2 1 2 1 2 1 2 2 ];
[ 2 1 2 1 1 2 1 1 2 1 2 2 1 1 2 2 1 2 2 1 ];
[ 1 2 1 2 2 1 2 1 1 2 1 1 2 2 1 2 1 2 1 2 ];
[ 2 1 1 2 1 2 1 2 1 2 1 2 2 1 2 1 2 1 2 1 ]
]
solveTime = 0.01900005340576172
isOptimal = true
