t = [
[ 1 2 2 1 2 1 1 2 2 1 1 2 1 2 2 1 1 2 ];
[ 1 2 2 1 1 2 2 1 1 2 2 1 2 1 1 2 2 1 ];
[ 2 1 1 2 1 2 2 1 2 1 1 2 1 2 1 2 1 2 ];
[ 2 1 1 2 2 1 1 2 1 2 2 1 2 1 2 1 1 2 ];
[ 1 2 2 1 2 1 2 2 1 1 2 1 1 2 2 1 2 1 ];
[ 2 1 1 2 1 2 1 1 2 2 1 2 2 1 1 2 1 2 ];
[ 1 2 1 2 1 1 2 1 2 1 2 1 2 2 1 1 2 2 ];
[ 2 1 2 1 2 1 1 2 1 2 2 1 1 2 2 1 2 1 ];
[ 2 2 1 1 2 2 1 2 2 1 1 2 1 1 2 2 1 1 ];
[ 1 1 2 2 1 2 2 1 1 2 1 1 2 2 1 2 1 2 ];
[ 1 2 2 1 2 1 1 2 2 1 2 2 1 1 2 1 2 1 ];
[ 2 2 1 1 2 1 2 1 2 1 2 1 1 2 2 1 1 2 ];
[ 1 1 2 2 1 2 2 1 1 2 1 2 2 1 1 2 2 1 ];
[ 2 1 2 2 1 2 1 2 1 2 1 2 1 1 2 1 2 1 ];
[ 1 2 1 1 2 1 1 2 2 1 2 1 2 2 1 2 1 2 ];
[ 2 1 2 1 1 2 2 1 2 1 2 1 1 2 1 2 2 1 ];
[ 1 2 1 2 1 2 2 1 1 2 1 2 2 1 2 1 1 2 ];
[ 2 1 1 2 2 1 1 2 1 2 1 2 2 1 1 2 2 1 ]
]
solveTime = 0.025999784469604492
isOptimal = true
