t = [
[ 1 1 2 2 1 2 2 1 2 1 2 1 2 2 1 2 1 2 1 1 ];
[ 2 2 1 2 1 2 1 2 1 1 2 1 1 2 1 1 2 2 1 2 ];
[ 1 1 2 1 2 1 2 1 1 2 1 2 2 1 2 2 1 1 2 2 ];
[ 2 2 1 2 1 2 1 2 2 1 2 1 1 2 1 2 1 2 1 1 ];
[ 2 2 1 1 2 1 1 2 1 1 2 1 2 2 1 1 2 1 2 2 ];
[ 1 1 2 2 1 2 2 1 2 2 1 2 1 1 2 1 2 2 1 1 ];
[ 2 2 1 2 1 2 1 1 2 2 1 2 1 1 2 2 1 1 2 1 ];
[ 2 1 2 1 2 1 1 2 1 1 2 1 2 2 1 1 2 2 1 2 ];
[ 1 1 2 2 1 2 2 1 2 1 2 1 1 2 2 1 1 2 2 1 ];
[ 1 2 1 1 2 1 2 1 2 2 1 2 2 1 1 2 2 1 1 2 ];
[ 2 1 2 1 2 1 1 2 1 2 1 2 1 1 2 1 2 1 2 2 ];
[ 2 1 2 2 1 2 1 2 1 1 2 1 1 2 2 1 1 2 2 1 ];
[ 1 2 1 1 2 1 2 1 2 2 1 2 2 1 1 2 2 1 1 2 ];
[ 1 2 2 1 2 1 2 2 1 1 2 1 2 1 2 1 1 2 1 2 ];
[ 2 1 1 2 1 2 1 2 1 2 1 2 1 2 1 2 2 1 2 1 ];
[ 2 1 1 2 1 2 2 1 2 1 1 2 1 2 2 1 1 2 1 2 ];
[ 1 2 2 1 2 1 1 2 1 2 2 1 2 1 2 2 1 1 2 1 ];
[ 2 1 2 1 2 2 1 1 2 2 1 2 1 2 1 1 2 2 1 1 ];
[ 1 2 1 2 1 1 2 1 2 1 1 2 2 1 2 2 1 1 2 2 ];
[ 1 2 1 1 2 1 2 2 1 2 2 1 2 1 1 2 2 1 2 1 ]
]
solveTime = 0.03400015830993652
isOptimal = true
