t = [
[ 2 2 1 2 1 1 2 1 1 2 1 1 2 1 2 2 ];
[ 2 2 1 1 2 2 1 2 2 1 1 2 1 1 2 1 ];
[ 1 1 2 2 1 2 2 1 2 1 2 1 1 2 1 2 ];
[ 1 2 1 1 2 1 1 2 1 2 2 1 2 2 1 2 ];
[ 2 1 2 2 1 1 2 1 2 1 1 2 2 1 2 1 ];
[ 1 1 2 2 1 2 2 1 1 2 1 2 1 2 1 2 ];
[ 2 2 1 1 2 1 1 2 2 1 2 1 2 1 2 1 ];
[ 1 1 2 2 1 2 1 2 1 2 2 1 2 2 1 1 ];
[ 2 1 2 1 2 1 2 1 1 2 1 2 1 1 2 2 ];
[ 1 2 1 2 1 2 1 2 2 1 2 2 1 2 1 1 ];
[ 1 1 2 1 2 2 1 2 1 2 2 1 2 1 1 2 ];
[ 2 1 1 2 2 1 2 1 1 2 1 2 2 1 2 1 ];
[ 1 2 2 1 1 2 1 2 2 1 2 1 1 2 1 2 ];
[ 1 2 1 1 2 1 2 2 1 2 1 2 1 2 2 1 ];
[ 2 1 2 2 1 2 1 1 2 1 1 2 2 1 2 1 ];
[ 2 2 1 1 2 1 2 1 2 1 2 1 1 2 1 2 ]
]
solveTime = 0.009000062942504883
isOptimal = true
