t = [
[ 1 2 1 1 2 1 2 1 2 2 1 1 2 2 1 2 2 1 ];
[ 2 1 2 1 1 2 1 1 2 1 2 2 1 2 2 1 1 2 ];
[ 2 1 2 2 1 2 1 2 1 2 1 2 1 1 2 2 1 1 ];
[ 1 2 1 1 2 1 2 1 2 1 2 1 2 2 1 1 2 2 ];
[ 2 1 2 1 1 2 1 2 1 2 2 1 2 1 2 1 2 1 ];
[ 2 1 1 2 2 1 2 1 1 2 1 2 1 2 1 2 1 2 ];
[ 1 2 2 1 1 2 1 2 2 1 2 1 2 1 2 2 1 1 ];
[ 1 2 1 2 1 1 2 1 2 1 2 2 1 1 2 1 2 2 ];
[ 2 1 2 1 2 2 1 2 1 2 1 1 2 2 1 1 2 1 ];
[ 1 1 2 2 1 2 2 1 2 1 2 1 1 2 1 2 1 2 ];
[ 1 2 1 2 2 1 1 2 2 1 1 2 1 1 2 1 2 2 ];
[ 2 2 1 1 2 1 1 2 1 2 2 1 2 2 1 2 1 1 ];
[ 1 1 2 2 1 2 2 1 2 1 1 2 1 1 2 1 2 2 ];
[ 2 2 1 2 2 1 2 2 1 2 1 1 2 1 1 2 1 1 ];
[ 1 1 2 1 2 2 1 2 1 1 2 2 1 2 1 2 2 1 ];
[ 2 1 2 1 1 2 2 1 2 1 1 2 2 1 2 1 1 2 ];
[ 2 2 1 2 2 1 1 2 1 2 2 1 1 2 1 1 2 1 ];
[ 1 2 1 2 1 1 2 1 1 2 1 2 2 1 2 2 1 2 ]
]
solveTime = 0.014999866485595703
isOptimal = true
