t = [
[ 2 2 1 2 1 2 1 1 2 1 1 2 1 2 1 1 2 2 ];
[ 2 2 1 1 2 1 2 1 2 1 1 2 2 1 2 1 2 1 ];
[ 1 1 2 2 1 2 1 2 1 2 2 1 1 2 1 2 1 2 ];
[ 1 1 2 1 2 1 2 2 1 2 2 1 2 1 2 2 1 1 ];
[ 2 2 1 2 1 1 2 1 2 1 1 2 1 2 2 1 2 1 ];
[ 1 1 2 1 2 2 1 2 1 2 2 1 2 1 1 2 1 2 ];
[ 2 2 1 2 1 2 1 1 2 1 2 1 2 1 2 2 1 1 ];
[ 1 2 1 1 2 1 2 2 1 2 1 2 1 2 2 1 2 1 ];
[ 1 1 2 1 2 1 2 1 2 2 1 2 1 2 1 2 1 2 ];
[ 2 1 2 2 1 2 1 2 1 1 2 1 2 1 2 1 2 1 ];
[ 1 2 1 1 2 2 1 2 2 1 1 2 1 2 1 1 2 2 ];
[ 2 1 1 2 1 1 2 1 1 2 2 1 2 1 2 2 1 2 ];
[ 2 1 2 1 2 2 1 1 2 2 1 1 2 2 1 2 1 1 ];
[ 1 2 2 1 2 1 2 2 1 1 2 2 1 1 2 1 2 1 ];
[ 1 2 1 2 1 1 2 2 1 2 1 1 2 2 1 1 2 2 ];
[ 2 1 2 1 2 2 1 1 2 1 1 2 1 1 2 2 1 2 ];
[ 2 2 1 2 1 1 2 2 1 2 2 1 2 1 1 2 1 1 ];
[ 1 1 2 2 1 2 1 1 2 1 2 2 1 2 1 1 2 2 ]
]
solveTime = 0.01699995994567871
isOptimal = true
