t = [
[ 2 1 2 2 1 2 1 1 2 1 2 1 2 1 1 2 ];
[ 2 1 2 1 1 2 1 1 2 2 1 2 1 2 2 1 ];
[ 1 2 1 2 2 1 2 2 1 1 2 1 1 2 2 1 ];
[ 1 2 1 1 2 1 2 2 1 2 2 1 2 1 1 2 ];
[ 2 1 2 1 1 2 1 1 2 1 1 2 2 1 2 2 ];
[ 1 2 1 2 1 2 1 2 2 1 2 2 1 2 1 1 ];
[ 2 1 2 1 2 1 2 2 1 2 1 1 2 1 2 1 ];
[ 1 2 2 1 1 2 1 1 2 1 2 2 1 2 1 2 ];
[ 1 2 1 2 2 1 2 2 1 2 1 2 1 1 2 1 ];
[ 2 1 1 2 2 1 2 1 1 2 1 1 2 2 1 2 ];
[ 2 1 2 1 1 2 1 2 2 1 2 1 2 1 2 1 ];
[ 1 2 2 1 2 1 2 1 1 2 1 2 1 1 2 2 ];
[ 2 1 1 2 1 2 1 2 2 1 2 2 1 2 1 1 ];
[ 1 2 1 2 2 1 2 2 1 2 1 1 2 2 1 1 ];
[ 1 2 2 1 1 2 1 1 2 1 2 1 2 1 2 2 ];
[ 2 1 1 2 2 1 2 1 1 2 1 2 1 2 1 2 ]
]
solveTime = 0.00800013542175293
isOptimal = true
