t = [
[ 1 2 2 1 2 1 1 2 2 1 2 2 1 2 1 1 2 1 ];
[ 2 2 1 2 1 1 2 1 1 2 2 1 2 1 2 1 1 2 ];
[ 2 1 2 1 2 2 1 2 2 1 1 2 1 2 1 2 1 1 ];
[ 1 2 1 2 1 1 2 1 2 1 2 1 2 1 2 1 2 2 ];
[ 2 1 1 2 2 1 1 2 1 2 2 1 1 2 2 1 1 2 ];
[ 2 1 2 1 2 2 1 1 2 1 1 2 2 1 1 2 2 1 ];
[ 1 2 2 1 1 2 2 1 1 2 1 2 2 1 1 2 1 2 ];
[ 1 2 1 2 2 1 1 2 1 2 2 1 1 2 2 1 2 1 ];
[ 2 1 1 2 1 2 2 1 2 1 1 2 1 1 2 1 2 2 ];
[ 1 2 2 1 1 2 1 2 2 1 2 1 2 2 1 2 1 1 ];
[ 1 1 2 1 2 1 2 2 1 2 1 2 2 1 2 1 1 2 ];
[ 2 2 1 2 1 2 1 1 2 1 2 1 1 2 1 2 2 1 ];
[ 2 1 1 2 1 2 2 1 1 2 1 2 1 1 2 2 1 2 ];
[ 1 2 2 1 2 1 2 2 1 2 1 1 2 2 1 1 2 1 ];
[ 2 1 2 1 1 2 1 1 2 1 2 1 2 2 1 2 2 1 ];
[ 2 1 1 2 1 2 2 1 2 1 1 2 1 1 2 2 1 2 ];
[ 1 2 1 2 2 1 1 2 1 2 1 2 2 1 2 1 1 2 ];
[ 1 1 2 1 2 1 2 2 1 2 2 1 1 2 1 2 2 1 ]
]
solveTime = 0.009999990463256836
isOptimal = true
