t = [
[ 2 2 1 2 1 2 1 1 2 2 1 1 2 2 1 1 ];
[ 1 1 2 2 1 2 1 1 2 1 1 2 2 1 2 2 ];
[ 2 2 1 1 2 1 2 2 1 1 2 1 1 2 1 2 ];
[ 1 2 1 2 2 1 1 2 1 2 2 1 2 2 1 1 ];
[ 2 1 2 1 1 2 1 1 2 2 1 2 1 1 2 2 ];
[ 1 2 1 2 1 2 2 1 2 1 2 1 2 2 1 1 ];
[ 1 1 2 1 2 1 2 2 1 2 1 2 2 1 1 2 ];
[ 2 1 2 1 1 2 1 1 2 1 2 2 1 2 2 1 ];
[ 1 2 1 2 2 1 2 1 1 2 1 1 2 1 2 2 ];
[ 2 1 2 1 2 1 2 2 1 2 2 1 1 2 1 1 ];
[ 2 1 2 1 1 2 1 2 2 1 1 2 1 1 2 2 ];
[ 1 2 1 2 1 1 2 1 2 1 2 1 2 1 2 2 ];
[ 2 1 1 2 2 1 2 2 1 2 1 2 1 2 1 1 ];
[ 1 2 2 1 2 2 1 2 1 1 2 2 1 2 1 1 ];
[ 1 1 2 2 1 2 1 1 2 1 2 1 2 1 2 2 ];
[ 2 2 1 1 2 1 2 2 1 2 1 2 1 1 2 1 ]
]
solveTime = 0.017000198364257812
isOptimal = true
