t = [
[ 2 1 2 1 1 2 1 2 1 1 2 1 2 2 ];
[ 2 2 1 2 2 1 2 1 1 2 1 2 1 1 ];
[ 1 2 1 1 2 2 1 2 2 1 2 1 1 2 ];
[ 1 1 2 2 1 1 2 1 2 2 1 2 2 1 ];
[ 2 2 1 2 1 1 2 1 1 2 1 1 2 2 ];
[ 1 2 1 1 2 2 1 2 2 1 2 2 1 1 ];
[ 2 1 2 2 1 2 1 2 1 1 2 1 2 1 ];
[ 2 1 1 2 2 1 2 1 1 2 1 2 1 2 ];
[ 1 2 2 1 2 1 2 1 2 2 1 1 2 1 ];
[ 2 1 1 2 1 2 1 2 2 1 2 1 2 1 ];
[ 1 2 2 1 1 2 2 1 1 2 1 2 1 2 ];
[ 1 2 1 2 2 1 1 2 2 1 1 2 2 1 ];
[ 2 1 2 1 1 2 1 2 1 2 2 1 1 2 ];
[ 1 1 2 1 2 1 2 1 2 1 2 2 1 2 ]
]
solveTime = 0.013000011444091797
isOptimal = true
