t = [
[ 1 2 2 1 1 2 1 2 1 1 2 1 2 2 ];
[ 2 1 1 2 1 1 2 1 2 2 1 1 2 2 ];
[ 1 2 1 1 2 2 1 2 2 1 2 2 1 1 ];
[ 1 1 2 2 1 1 2 2 1 2 2 1 2 1 ];
[ 2 1 1 2 1 2 2 1 1 2 1 1 2 2 ];
[ 1 2 2 1 2 2 1 1 2 1 2 2 1 1 ];
[ 2 1 1 2 1 1 2 2 1 2 2 1 2 1 ];
[ 2 1 1 2 2 1 2 1 1 2 1 2 1 2 ];
[ 1 2 2 1 2 2 1 2 2 1 1 2 1 1 ];
[ 2 2 1 2 1 2 1 2 1 1 2 1 2 1 ];
[ 1 1 2 1 2 1 2 1 2 2 1 2 1 2 ];
[ 2 2 1 2 2 1 1 2 1 1 2 1 2 1 ];
[ 2 1 2 1 1 2 1 1 2 2 1 2 1 2 ];
[ 1 2 2 1 2 1 2 1 2 1 1 2 1 2 ]
]
solveTime = 0.014000177383422852
isOptimal = true
