t = [
[ 1 2 1 1 2 1 2 1 1 2 1 2 1 2 1 2 2 1 2 2 ];
[ 2 1 2 1 1 2 1 2 1 1 2 1 2 1 2 2 1 1 2 2 ];
[ 1 2 1 2 2 1 1 2 2 1 2 2 1 2 1 1 2 2 1 1 ];
[ 2 1 2 1 1 2 2 1 2 2 1 1 2 1 2 1 2 2 1 1 ];
[ 1 1 2 2 1 1 2 2 1 2 1 2 2 1 1 2 1 1 2 2 ];
[ 2 2 1 1 2 2 1 2 1 1 2 2 1 2 1 1 2 2 1 1 ];
[ 2 1 1 2 2 1 2 1 2 2 1 1 2 1 2 1 1 2 2 1 ];
[ 1 2 2 1 1 2 1 2 1 1 2 1 2 2 1 2 2 1 1 2 ];
[ 2 2 1 2 1 2 1 1 2 1 1 2 1 1 2 2 1 2 2 1 ];
[ 2 1 1 2 2 1 2 2 1 2 2 1 1 2 1 1 2 1 1 2 ];
[ 1 2 2 1 2 1 2 2 1 1 2 1 2 1 2 1 1 2 2 1 ];
[ 1 2 2 1 1 2 1 1 2 2 1 2 1 1 2 2 1 2 1 2 ];
[ 2 1 1 2 1 2 1 1 2 2 1 2 1 2 1 2 2 1 2 1 ];
[ 1 2 2 1 2 1 2 2 1 1 2 1 2 1 2 1 2 1 1 2 ];
[ 2 1 1 2 1 2 2 1 2 2 1 2 1 2 1 2 1 2 1 1 ];
[ 1 2 2 1 1 2 1 1 2 1 1 2 2 1 2 2 1 1 2 2 ];
[ 2 1 1 2 2 1 1 2 1 1 2 1 2 2 1 1 2 1 2 2 ];
[ 1 2 2 1 2 1 2 1 2 2 1 2 1 2 2 1 1 2 1 1 ];
[ 1 1 2 2 1 2 2 1 1 2 2 1 2 1 2 2 1 2 1 1 ];
[ 2 1 1 2 2 1 1 2 2 1 2 1 1 2 1 1 2 1 2 2 ]
]
solveTime = 0.016000032424926758
isOptimal = true
