9, ,3, , , , , , , ,8,12, , , , 
 , , , , , , ,9, , , , , ,13, , 
 , , , , , , , , , , , , , , , 
 ,1, , , , , , , , , , , , , , 
11, , , , , , , , , , , , ,3,16, 
16, , , , , , , , , , , , , , , 
 , , , , , , , , , , , , , , ,12
12, , , , , , , , , , , , , , , 
 ,14, , , , , , , , , , , , , ,8
 , , , , , , , , , , , , ,11, , 
 , , , , , , , , ,13, , ,3, , , 
3, , , ,10, , , , , ,9,16, , , , 
 , , , , , , , , , , , , , , , 
 , , , , ,13, , , , , ,5, , , , 
 , , , , , , , , , , , , , , , 
 , , , , , , , , , , , ,10, , , 
