14,15,5, , , , ,9, , , , , ,6,10,3
10, , , , ,14, , ,15, , , , , , , 
6, , , ,15, , ,8,10, , , , , , , 
 , ,13,1, , , ,2, , , , , , , , 
2, ,9, ,10, , , , ,4, ,16, , , , 
 ,10, , ,9, , , , , , , ,5, , , 
 , , , , , , , , , ,7, ,12,16,8,2
 , , , , , , , , ,10, , , ,15, ,1
 ,3, , , ,7, , , , , , , ,13,14, 
 , , , , ,15, , ,1,14, , , , , , 
9,13, ,6, , ,4,1, ,15, ,2, , , , 
1,2,15, , ,13, ,14,4, ,16, ,7, , ,6
12,16,2,4,14, ,3, ,13, , , , , , , 
 , , ,15,4,2,10, , ,3, , ,6, , , 
 , , ,14,13, ,7, , , , , , , , , 
 , , , , , , , , , , , ,14,3,13,16
