15,1, , , , , , , ,11,7, , ,6, , 
 , ,9,14, ,1, , , , , ,6, , , ,3
 , , , ,15,14,3, ,16, , , , ,9, , 
 , , ,3, , , , ,1, ,12, , , , , 
 , , ,6,2, ,1, , , ,5, , ,8, , 
4,14, , ,16, , , ,6, , , , , , ,15
 , ,2, , , , ,6, , , , ,4, , , 
11, , , , , , ,7, , , , ,14, , , 
14, , , , , , , ,3,5,2,8, , , , 
3, , , , ,15, ,2, , , , , ,11, , 
 ,2, ,4, , , , , , , , ,8, , , 
 , , , ,14,3, ,16, , , , ,5,1,13, 
 , , , ,8, , ,11, , , ,12, , , , 
 , ,1, ,6,2, , ,9, ,13, ,12, ,14, 
12, , , ,1, , , ,2, ,11, , , ,15,16
2, ,3, , , , ,14, ,1,15,16,6, ,10, 
