 ,7, , , , ,1, , , , , , , , , , , , , , , ,22, , 
 , , , ,1, , , , , , ,19, , , ,2,7, , ,15, , , , ,17
5, , , , ,7, , , , , , , , ,22, , , , , , , , , , 
 , , , , , ,19, , , , , , , , , , , , , , ,7, , , 
 , , , , , , , , , , , , , , , , , , , , ,12, , , 
 , , , , , , , , , ,2, ,24, , , , , , , , , , , ,1
 , , , , , , , , , , , , , , , , , , , , ,8, , ,23
 , ,9, , , , , , , , , , ,13, , , , , , , ,21, , , 
 , , , , , , , , , , , , ,4,3, ,2, , , , , , , ,10
 , , , , ,24, , , , , ,15, , , ,3, , , , , , ,25, , 
 ,9,1, , , , , , , , , , , , , , , ,13, , , , , ,4
 , , , , , , , , , , , , ,9, , , , , , , , , , , 
 , , , ,17, , , , , , , , , , , , ,22, , , , , , ,21
 , , , , , , , , ,25, , , , , , , , ,15, , , , , , 
 , , , , ,9,12, , , , , , , , , , , , , , , , , , 
 ,2, , , ,4, , , ,12, , , , , , , , , , , , , , , 
 , , , , , , , ,8, , , ,12, , , , , ,25, , , , , , 
8, , , , ,25, , , , , , , , , ,12, , , , , , , , , 
 , , , , , , , , , , , ,13, , , , , , , , ,25, , , 
 , , , , , , , , , , , , , , , , , , , , , , , , 
 , , , , , , , , , , , , , , , , , , , , , ,6,14, 
 , , , , , , , , , , , , , , , , ,18, , , , , , , 
 , , , , , , , , , , , , , , , , , , , , , , , , 
 , , ,6, , , , , , , , , , , , , , , , , , ,12, , 
 , ,23, , , ,4, , , , , , , , , , , , , , , ,16, , 
