 ,5, ,9,8,10, , , , , ,6,4,1, , 
 , ,11, , , ,16, ,14,12, , , , , , 
 , , , , , , , , , , , , ,15,2, 
 , , , ,9, , , ,8, ,4, , ,3, ,7
14,4,5, , , ,6, , , , , , , ,15, 
 , , , ,14,4,7, , , , ,15,3,6, ,2
 , , ,6, , , , , , ,3,16, , ,10, 
 , , , ,10, , , ,6, ,12, , , ,13,4
12,10, , , , , , , , ,16,4,11,13, , 
 , ,6,4,5,11, , , , ,8, ,15, , , 
11, , , ,4,13, , , , , , ,1, ,3,16
2, ,9, , , , , , , , , , , , , 
 ,1, , , , , , , ,7, ,3,16, , ,12
 ,12, , ,2, , ,8, , ,9, , ,4, , 
9, , , , ,5, , , ,8, , , , , , 
16, , ,5, , , , , ,4, , , , , ,14
