10,7,15,4,25,1, , , , , , , , , , , , ,2, , , , , , 
 ,24, , , ,7,19,10,4,20, , , , , , , , , , , , ,14, , 
20, ,5,19, ,15,9,23,25, ,10, , ,16, , , , , , , , , , , 
23, , , ,3, ,8, , , , , , , , , , ,12, , , ,16,13, ,15
8,16, , , , , , , , ,15,23, , , , ,24,11, , , , , , ,18
 , , , , , , , ,24,16, ,19,5,2,22, , , , , ,11, , , , 
5,4,7, ,2,6, , , , , ,11, , , ,25,21, , , , ,3, , , 
12, , , ,11, , ,14,20, , , , ,24, ,6,2,5, , , , , , , 
 , , , , ,25, , ,9,2, , ,17, ,7,11, ,16,13, ,6, , ,23,12
6, , , , , ,11, , , , ,25, , , , , , , , ,2, , , , 
17,8,3,2, , ,7,19, , ,25, , , , ,15,11, ,1,5, , , , , 
 ,19, , , , ,2, , , , , , , , , , , , , ,15,13,11, , 
15, ,16, , ,11, , , , ,22, ,19, , ,17, , , , ,3, ,20, , 
22, , , , , ,15, , , ,11, ,3, ,10, , , , ,18,1, , , , 
11,9,18, , ,17, , ,22, , , , , , , , , , , , , ,16, , 
 ,11, , , ,5, , ,14, ,3, , , , ,4, ,1, , ,21,17, , , 
 ,23,2, , ,24,20, , , ,8, , , , , ,19, , , , ,14, ,18, 
25,18,19, , , , ,2, ,3,23,14, ,4,15, , , ,6, , , , , , 
24, ,17, ,14, ,25,11,13,9,6, , ,19, , , , , , , , , , , 
 , , ,3,7, , , ,23, ,24, ,9, ,2, ,25, , , , ,6,19, , 
3, , , ,19,14, , , , , , , , , ,9,15, , , , , , , , 
 , , , , , , , , , ,14, , , , , , , , ,23, ,24, ,11, 
 , ,1, ,5,19, , , , , , , , , , , , , ,6,9,23, , ,25
 ,17, , , , , ,6, , , , , ,25,21, ,5, ,3, , , , ,14, 
 ,25, , , , , , ,11,18, , ,23, , , ,4, , , , , , ,7,17
