 ,12,13,4,25,18,8,1, , , , , , , , , , , , , ,3,15,9, 
 ,15, , ,17,16, ,22, , ,18,21,9, , ,13, , ,10,3, , , , ,20
 , , ,10, , , ,17, ,21, , ,14,8, , , , , , ,19, , ,18, 
6,21, , , , , , , , ,19, , ,23, ,18,16, , , , , ,24, , 
18,24,8,16,1, ,12,9,2,10, , , , , , , , , , , , , , , 
 ,18, , ,10, , ,16, , , , ,23,4, , , , ,25, , , , , , 
 ,25, , , ,24,9, , , ,21, , , , , , ,15, , , , , , , 
16, , , , ,11, , ,22, ,2,1, , ,7, , , , , , , , , ,6
7,2,11,22, ,21, ,13, , ,20, , , , , , , ,8, , , , , , 
13, , , , , , , , , ,17, , , , , ,24,6, , , , , , , 
 , , , , ,4, , ,16, , , , ,19, ,15, , , ,10, , , , , 
 , , , , ,20,15,5, , , , , , , , , ,25,13, , ,2, , , 
25,17,5, , , , , , ,1, , , , , , , , ,19,9, , , , ,11
 , , ,3, ,25, , , ,22,15, , , , , , , , ,20, , , , ,24
 , ,1, , , ,23, , , , , , ,9,10, , , ,16,12, , , , ,4
12, , , , ,9,4, , ,23, , , , , , , , , ,2,13,1, , , 
4, , ,25, ,12,18,10, , , , ,1,6, , , , , , ,2, , ,17,7
19, ,7, , , , , , , , ,17,10, , ,8,1, , , ,15,21, ,12, 
15,1,21,9, ,19, , , , ,12, , , ,24, , , , , , , , ,20,5
20, , , , ,17,21, , , ,4, , ,11,8,12,23, , ,5, , , ,24, 
 ,7,16,2,12, , , , , ,22, , ,18,13, , , , , , , , , , 
 ,10, , , ,7,2,12, , ,1,4, ,17, ,23, , ,6, , , , , , 
17, , , , ,10,14, ,1, , , ,6, , , , , , , ,9, , ,2, 
1,11, , , , , , , , ,10, , , ,5, ,4, , , , , , ,7, 
5,13, , , , , , ,4,25, ,2, , , ,1, ,8, , , , , ,23, 
