 , , , , , , , , , ,7, , , , , 
7, , , , , , , , , , , , , , , 
 , , , , , , , , , , , , , , , 
 , , , , , , ,4, , , , , ,15,3, 
 , , , , , , , , , , , , , , , 
 , , , , , , , , , ,4,10, , , , 
 , , ,5, , , , , ,12, , , , , ,6
 , , , , , ,2, , , , , ,11, , , 
 , , , , , , , , ,13, , , , , , 
 , , , , , , ,7, , , ,4, , , , 
 , , , , , , , , , , , , , , , 
5, , , , , , , , , , , , , , ,11
 , , , , , , , , , , , , , , , 
 , , , , , , ,11, , , , , , ,13,15
 ,4, ,1, , , , , , , , , , , , 
 , , , , , , , , , ,12, ,7, , ,9
