12,6, , ,19, , , , , , , , , , ,17, ,25,13, , , ,24, ,9
 , , , , , , ,3,9, , , , , , , , , , , , , , , , 
 , ,18,9, ,15, , , , , , , , , ,11,1, , , , , ,25, , 
 ,3,16, ,10,18, , , , , , , , ,19,24, , , , , , ,23, , 
 , , , ,20, , ,19, , , , ,11, ,25, , , , , , , , , , 
11, , , ,25, ,15, ,5, , , , , , ,10, , , , , , , , , 
 , , , , , , , , , , ,5, , , ,25, ,4,7, ,9,1, , ,19
 ,7,8,19, ,24,4,25, , , , , , , , ,2,12, , , , , ,17, 
 , , , ,14, ,21, ,22, , , , , ,10,6, ,20,17, ,16, , , , 
20,4,21, , , , , , , , , , ,6, , , ,18, , ,2, , , , 
 , , , , , , , , ,22, , , ,12, , ,17, ,1, , , , ,2,18
 , , , ,2,7, , , , ,1, , ,3,14,12,22, ,19, , , , , , 
22,8, , , , , , , , , , , , , , , ,9, , , ,21, ,10, 
21,9, , , ,2,24, ,16,20,7,22,17,4, , , , , , , ,25, ,13, 
17, , ,10, ,21, ,1, , ,16, ,13,8, , ,23, , , , , , , , 
7,1,17,5,21,8,14,10,13,23,24, , , , , , , , , , , , , ,2
24, , , , ,5,7, , , ,21, , , , , , , , , ,3, , , , 
3, ,9, , , , , , , ,5, , , ,16, , ,14,12, , , , , , 
19, , , ,15, , , , , , , ,12,1, ,5,21,16, , , , , , , 
23,16,12, , ,19, ,21, , , , , , , , , , , ,25, ,18, , , 
 , , , , , , , , , ,8, , , , , ,14, , , ,20,15,13, , 
 , , , , , ,8,5,15,14,4, , , ,13,16, , , , , , , , , 
5,20, , , ,4, ,22, ,19,12,11,3,17, , , , , ,13,21, , ,6,10
6,12,19,14, , , ,13, ,3, , , ,2, , ,4,21,20, ,25,11, , , 
4,13, , ,16,12,6, , , ,22,19,10, , , ,25, ,11, ,14, , , ,17
