 ,21,3,18, , , , ,24, , , , ,11, , , , ,12, , , , , , 
5, , , ,13,18, , ,9, ,22, ,7, , ,21, , ,15, , , ,25,6, 
 ,15,25,24,20,5, , , , ,16,13,21, ,23,6,4,19, ,8,2, , , ,12
17, , , , ,25, , ,13,2, ,9, , ,15, , ,16,20,5, ,19, , , 
 , , , , ,21, ,17, , ,25,8, , , , , , , , , , , , , 
8,9,17, , , ,5, , ,4,6,3,1,12,18,7,13,25,21, , , , , , 
3,25,16,21, , ,12,14, , , , , , , , , , , , , , , , ,20
 , ,5, , , , ,23, , ,13, ,15,8,7, ,2, ,6, , , , , , 
15, , , ,7, , , , , ,23, , , , , , , , , ,6,18, ,19,25
 , ,18,12, , , , , , , , , , , , , , , , ,7, , , , 
18,7, , , , , ,13, , , , , , , , , , , , , , ,14, , 
14,12,9, , ,4, , , , ,7, ,3, , , , ,18,11, , , , , , 
 , , , , ,7,25, , , , , , , , , , ,12,5, ,22, , , , 
 , , ,6, , , , , , , , , , ,4, , , , , , ,12,19, , 
 , , , , , , ,5, , , , , , , , , , ,10, , , , , , 
 , , , , , , , , ,12,3, ,8,15, , ,7,6,9, , ,25, , ,13
7, , , ,12,20, , , , , ,21, ,4, ,23, , ,24,22, , , , , 
4,24, , ,25,3,17, ,21,18, , , , , , , , , , , , , ,2, 
20,6,1, ,11, , ,4,7, , ,10, , , , , , , , ,16, ,18,5, 
 ,17, , , ,1, ,16, , , , , , , , , , , ,20, ,7,24, , 
 , , , ,16, , , , , , , , , , ,13, , , ,25,1,5,10,3,14
25,3,10,22, , , , , ,5, , ,11,24, ,15, , , , , ,2, , , 
24, , , , ,10,3,25, , ,21,4, , , , ,1, , , ,11,20,8, , 
 ,13, , , , , , ,6, , , , ,22, ,11, , , , , , , , ,21
 , , , , ,13,18,7,16, ,15, , , , ,5, , , , , ,22, , , 
