 , , , , , , , ,3, ,7, , , , ,16
 , , , , , , ,3, , , , ,6, , , 
 , , , , , , , ,8, , , , , , , 
 , ,5, , , , ,11, , , , , , , , 
16, , , , , , ,5, , , , , , , , 
 , , , , , , , , , , , , , , , 
 , ,2, , , , , , , , , , , , , 
 , ,4, ,2,10, , , , , , , , , , 
 , , , , , , , , , , , , , , , 
 , ,14, , ,15, , , , , , , , , , 
 , , , ,14, , , , , , , , , , , 
 , , , , , , , , , ,1,7, , , , 
 , , , , , , , , , , , , , , , 
1, , , , , , , , , , ,16, ,14, , 
14, , , , , , , , ,1, , , , , , 
 , , , ,1, , , , , , , , , , , 
