 , , , , , , , , , , , , , , , 
 , , , , , , , , , , , , ,2, , 
15, , , , , , ,9,16, , , , , , , 
4, ,9, , , , , , , , , ,1, , , 
 , , , , , ,4,2, , , , , ,13, , 
 , , , , , , , , , , , ,12, , , 
 , , , , , , , , , , , , , , , 
 , , , , , , , , , , , ,3, , , 
12, ,14, , , , , , , , ,7, ,3, , 
 , , , , , , , , , , ,14, , , , 
 , , , , , , , , ,3, , , , , , 
 , , , , , , , , , , , , , , , 
 , , ,5, , , , ,1, , , , , , , 
 , , , ,5, , , , , , , , , ,11, 
 , , , , , , , , ,16,14, , , , , 
 ,9, , , , , , , , , , , , , , 
