7, , , , , , ,4, , , , , , , , 
 ,9, , , , , , , , ,10, , , , , 
 , , , , , , ,14, , , , , , , , 
 , , , , , , , , , , , , , , ,10
 , , , , , , , , , ,11, , , , , 
 , , , , , , , , , , ,6, , , , 
 , , , ,3, , , , , , , , , ,14, 
 , ,2, , , , , ,4, , , , , , , 
 , , , , , , , , , ,2, ,16, , , 
 , , , , , , , , , , , , , ,4, 
 , , , , , , , , , , ,9, , , , 
 , , , , , , , , , , , , , , ,1
 , , ,12,5, , , , , , , , , , , 
 , , , , , , , , , , , , , , , 
 , , , , , , , , , , , , , , ,7
 , , , , , , ,7,11,16,3,10, , , , 
