13, , ,22, , , , , , , , , , , ,9, ,8, ,2, , , , , 
 , , , , ,19, ,10, ,14,3,21,20,16, ,5, ,17, , , , , , , 
17,24, , , ,22, , ,8, , , ,14,5,9, ,13, , , ,23, , , , 
14,20,5,16,12, , , , , ,23, , ,17, , , , , , , , , , ,9
 , , , , ,16,4, , , , , , , , , , , , , , , ,15,11, 
 , , , , , , , , , , , , , , , ,8,13, , , , , ,2,22
 , , ,1,17, ,19,20, ,15, , , , , ,23, , ,3,24, ,9, , , 
24,15, , , , ,2, , , , , , ,12,25,6, , , , , , , ,8,10
6, , , , , , , , ,7,2,18,17, , , ,9, , , , , , , , 
 , , , , , , , , ,1, , ,6, , , , , , ,11, ,14,4,23, 
 , , , , ,12, , ,1,21,14,4, , , , , , , ,8,25, ,9,24,18
25,5,22,13,24, , , ,2, ,8, , ,9, , , ,3, ,17, , , , ,4
 ,14,4,21, ,8,5,22,6,17, ,24, , , , , ,11, , , ,19, ,15, 
19,8,11, , , , , , , , ,12,21, , , , , , ,9,1, , , ,17
12, , , , , ,24, , , , , , , , ,14, , , , , ,23,22, , 
4,21,19, ,22,23, ,5, , , ,7, , , , , ,18, , , ,17, , , 
2, , , , , ,6,7,11, ,21,14,9,19, , , , , , , ,12, , , 
8, ,7,14, ,4,16,19, , , , , , , , , , , , , , ,1,5, 
9,18,12, ,1, , , , , ,4, , , , ,7,3,23,21, ,22,20, , , 
 , , , , , ,17, ,9, , , , , , ,22, , , , , ,8, ,19, 
 , , , , , , , ,20, ,19, , ,6,4, , , , , , ,1, , ,15
 , , , , , , ,11,15, , , , , ,24, , , ,9, , ,2, ,20, 
 ,9, , , , ,18,2, , , , , , , , ,23, , , , , ,8, , 
23,2, , , , , , , , , , , ,22,7, , ,16,20, ,14,5,11, , 
5,11, , , , , , , , , , , , , , , ,1, ,13, , ,12, , 
