 , , , , , , , , , , , , , , , , , ,9, , , , ,16, 
 , , , , , , , ,6, , , ,18,21,23, , , , , , , , , , 
 ,6, , , , , , , , , , , , , , , , , , , , , ,2, 
 , , , , , , , , , , , , , , , , , , ,22, , , , , 
 , , , , , , , , , ,7, , , , ,19, , , , , , ,8, , 
8, , , , , , , , , , , , , , , , , , ,16, , , , , 
 , , , ,12,1, , , , , , ,10,18, , , , , , , , , , , 
 , , , , , , , ,17, , , , , , , , , , , , , , , , 
 , , , , , , , , , , , , , ,2,22, , , , , , ,4, , 
 ,5, , , , ,6,20, , , , , , , , , , , , , , , , , 
16, , , , , , , , , , , ,23, , , , , , , , ,2, , , 
22, , , , , , , , , ,6, , , ,3, , , , , , , , , , 
 , , , , , , , , , , , , , , , , , , , , , , , ,22
 , , , , , , , , , ,25, , , , , , , , , , , , , , 
3, , , , ,24,14,21, , , , ,7, , , , , , , , , , , , 
 , , , , , , ,10, , , , , , , , , , , , , , , , , 
 , , , ,14,4, , , , , , , , , , , , , , , , , , , 
 , , , , , , , , , ,19, ,6, , , , , , , , , ,2, , 
 , , , , , ,12, , ,19, , , , , , , , , , ,16, , , , 
 ,16, , , , , , , , , ,7, , , , , , ,10, , , , , , 
21, , , , , ,19, , , , , , , , , , , , , , , , ,3, 
 , , , , , , , , , , , , ,22, , , , ,5, , , , , , 
 , , , , , , , , , , , , , , , , , ,13, , , , , , 
 ,7, , , ,20, , , , , , ,24, , , , , , , , , , , , 
 , , , , ,14, , , , , , , , , , , , , , ,25, ,6, , 
