 , , , , ,12, , , , , , , , , , , , , , , , , , , 
7, ,19, ,20, , , , , , , , , , , , , , , , , , , , 
 , ,12, , , , , , , , ,22, , ,13, , , ,11, , , , , , 
 , , , , , , , , , , , , , , , ,14, ,12, , , , , , 
 , , , , , , , , ,15, , , , , , , , , ,6, , , , , 
 , , , , , , , , , , , , , , , , , , , , , , , ,18
 , , , , , , , , , , , , , , , , , , , , , , , , 
 , , , , , , , , , , , , , , ,13, , , , , , , , , 
10, , , , , , , , , , ,16, , , , , , ,6, , , ,7, ,11
 , ,13, , , , , , , , , ,9, ,1, , , , ,16, , , , , 
 , , ,12, , , , , , ,5, , ,17,2, , , , , , , , , , 
22, , , , , , , , , ,13, , , , , , , , , , , , , , 
 , , , , , , ,19, , , , , , , , , , , , , ,22,11, ,10
 , , , , , ,5, , , , , , ,4, , , , , , , , , , , 
5, , , , ,20, ,16, , , , , , , , , , , ,23, , , , , 
 , ,14,2,19, , , , , , , , , , , ,25, , , , , , , , 
 , , , , ,2,19, , ,6, , , , , , , , , , , , , , , 
18, , , ,5, , , , , , ,19, , , , , , , , , , , ,1, 
 , , , , , , , , , , , , , , , , , , , , , , , , 
 , , , , , , , , , , , , ,9, ,6,2, , , , , , , , 
6, , , , , , , , , , , , , , ,14, , , , , , , , , 
 , , , , , , , , , ,19,11, , , , , , , , , , , , , 
 , , , , , , , , ,5, , , , , ,25, , , , , , , , , 
 , , , , , , , , , ,14, , , , , , , , , , , , , , 
 , , ,15, , , , , , , , , , , , , , , , , ,17, , , 
