 , ,13,1, , ,8, , , , ,11, , ,15, 
8,7, , , , ,15, , , , , , , , ,10
4, , , , ,6, , ,16, ,8, , ,11,5, 
16,11, ,5, , , , , , , , ,8, , ,7
 ,8, , , , ,6, , ,16, , , ,7, , 
7,16,1, ,8,3,10, , , , , , , , , 
 ,3, , , , , ,16, , , , , , , , 
 , , , ,14, , , ,8, , , , , , , 
 , ,7,9, , ,12, , , , , , , , , 
 , , , , , , , , , , , , , , , 
 , ,2,12,15,9, , , ,4, , , ,14,8, 
 , , , ,1,8, , , ,14, , ,5,16, , 
 , , ,7, ,1, , , , ,4,9,3,8,12,6
3, ,12, ,7,10, ,4, ,8,1, ,14, , ,9
15, ,8, , ,2, ,6,3,7, , , , ,16, 
6, , , , , , ,12, , , , ,11, , , 
