13,6,9, , , , , , , ,8, , ,2, ,5
 , , , ,6,8, , , , , , , , , , 
10, ,8, , , ,15,7,6, , ,2, ,11, ,12
 , ,3,16,1, , , ,15, , , , ,6, , 
 ,1, , , ,14, , ,3, , , ,2, , , 
 , , , , ,15, ,4, , , ,14, ,16, , 
16,15, , , , , , , , , , ,11, ,12, 
 ,5,6, , , , , , ,7, ,1, , ,14, 
7,3, , , , , , , , , , , ,12, , 
 , , , ,5,12, , , ,2,1,13,15, , , 
 , , , , , , , ,5,14, , ,4, , , 
14,4, , ,2,3, , ,9, , ,11,1, , , 
15,8,2, , ,1, , , , , , , , , , 
 , , , , , , ,13,1, , , , , , , 
1, , , ,14,2, ,12, , , ,16,6,13, , 
 ,7,13, , , , , ,14, ,6,8, , , ,16
