15, , ,7,13, , ,6, , , , , ,3, , 
 , , , , , , , , , , , , ,7, , 
 ,1, ,16,7, , , , ,9, ,14, , , , 
 ,6, , ,15, , , ,8, , , , , , , 
 ,12,16, ,11, , ,2,7,5, , ,1, , , 
1,4, , , , ,7,16, , , , , ,5, , 
5, ,3, , , , , , , ,10, ,11, , , 
11, , ,6,3, , , , , , , , , , , 
 , , , , , , , , , , ,8,5, , , 
 , ,2, , ,6,1,8,12,3, ,11,7, , , 
 ,5, , , , ,11, ,1, , , , , , ,9
 , ,11, , ,16,13, , ,10,4, ,12,1, , 
4, , ,5,16, , ,9, , , ,10, , , ,7
16,11,6, ,5, , , , , , , , , , ,8
 , , , , ,3, , ,11,7,5,16,15, , , 
7, , , , ,11,15,14, , , ,3, , , , 
