 , ,10, ,14, , , ,12, ,5, ,9,13,6, 
 , , , ,12, ,10, , ,4,8, , , , , 
 , , , , , ,1,3, , ,9, , , , , 
 , , , , ,9,8, , , , ,16, , , ,4
9, ,7, , ,13, ,16, , , , ,6, , ,14
16, , , ,1,8, , ,11,5, , ,4, ,13, 
8,2,3, , , ,11, ,16, , , , , , , 
6, , , ,3, , , ,8, , , ,2, , , 
 , , , , , ,13, , , , , , , , , 
 , , , , ,3, ,14, , ,12, ,10, , , 
 ,1,15, , ,2, , , ,10, , , , ,3,11
 ,11, , , , , , , ,2, , , , , ,16
2,16, , , ,14, , , , , , , , ,15,6
15,8, , ,2, , ,5, , , ,3, , , , 
14,5, , , , , , ,2,8,6, , ,7,4, 
3, , , ,15, , , ,7, , , ,16,2, , 
