17,8, , , , , , ,13, ,21,15, , , , , ,16, , ,5,6,2,9, 
16,6,15, , , ,5,7,11, , , , , , ,9, , , , , , , ,21, 
 , ,11, , ,15,6, , , , , , , , , ,5,12, , , , , ,25, 
5, , , ,1, ,14, ,21, ,20, , ,25,8, ,18, , , , , , , , 
 , ,9, ,2, , , , , ,14, , , ,4, , ,17, , , , , , , 
 , , , , , , , , , ,22,23,14, , ,18, , , , , , , , , 
23,2, ,13,24, , , , ,10,16, , ,5, , , , ,9,25,18, , , , 
9, ,22, , , , , , , , ,4, , , ,16, ,15,2, ,13, , , , 
 , , , , ,16,13, , , , , , , ,1, , ,5,8, , ,24, , , 
 , , , , , , , , ,22,2, , , , ,24, , , , ,15, ,1, , 
2,24, , ,5,22, ,18,4, , , , , , ,11, , , , ,17, , , , 
11, , , , ,5, , , ,17, ,16,25, , , ,8, , ,20,22,1,21,24,12
 ,23,19, , ,12,11, , , ,5, ,8,22, ,10, , , , , , , ,15, 
22,10,12,21, , , , , , , , ,7, , ,17, , ,5, ,25, , , , 
 , , , , ,10,8, , , ,4,11,12, , , ,15, ,25, , , , ,23, 
25,12,10,2,22,3,16, , , , , , , , , , , ,14, ,20, ,7, , 
 , ,20, ,23, ,25,21, , ,1,5, , ,15, , , , , , , , , , 
15, ,24, , ,23, ,5,12,14, ,25, , , ,3,21, ,18, ,1,22, , , 
 , , , , , ,22, , , , ,21, , , , , ,8,1,4, , , , , 
8, , , , , , , ,6, , , , , , , , , ,7, ,3,14,17, , 
 , , , , , , , , , , , , , ,10,25,24, ,15, ,8,12,13, , 
12,22,8,23, ,25, , , ,1, ,14, , , , ,10, , , , , , , ,21
 , ,3, , ,14,12, , , ,25, , ,1,9,8,7, , , , , , , , 
 , , , , ,8, , , , , , , , , , , ,6, , ,14, , , , 
 , , ,25, , , , , , , ,8, , , , , , , , ,6,7, ,17,2
