 ,3, , , , , , , , , , , , , , 
 , , , , , , , , , , , , , , , 
 , , , , , , , , , , , , , ,7,5
 , , , , ,15, , , , , , , , , , 
 , , , , , ,7, ,16, , , , , , , 
16, , , , , , , , ,2, , , , , , 
 , , , , , , , ,1, , , , , , , 
 , , , , , , , , , , , , , , ,8
 , , , ,4, , , , , , , , , , , 
 , , , , , , ,11, , , ,3, ,4, , 
4,10, , , , , , , , , , , , , , 
 , , , , , , , , , , , ,12, , , 
 , , ,13, ,14, ,15, , , , , , , , 
 , , , , , , , , , , , ,10, , , 
5, , ,12, , , , ,2, , , , , , , 
 , , , , , , , , ,4, , , , , , 
