 , ,15, , ,14, , , , , , , , , , 
 , , , , , , , , , , , ,5,13, , 
 , , , , , ,1, ,2, , , , ,6, , 
6, , , , , , , , , , , , , , , 
 , , , , , , , , , , , , , , , 
 , , , , , , , , , ,6, , , ,8, 
10, , , , , , , , , , , , , , , 
 , , , , , , ,10, , , , , , , , 
 , , , , , , , , , , , , , , ,5
 , , , , ,7, ,2, , , , , , , , 
13, , , , , , , , ,8, , , , , , 
 , , , ,13, , , , , , , ,16, , , 
 ,15, , , , , , , ,13, , , , , , 
 ,8, , , , , , , , ,15, , , , , 
 , , , ,5, , , , , , , , , , , 
 , , , , , , , ,7, , , , , , , 
