 , , , , , , , , , , , , ,24, , , , , , , , , , , 
 , , , , , , ,8, , ,6, , , , , , , , , , , ,10, , 
 , , , , , , , , , , , , , , , , , , , , , , , , 
 , , , , , , , , ,5, , , , , , , , , , , , , , , 
19, , , , , , , , , ,5, , , , , , , , , , , , , , 
 , , , , , ,16, , , , , , , , , , , ,6, , , , , , 
6, , , , , , , , , , , , , , , , , , , , , , , , 
 , , , ,4, ,1, , , , , , , ,22, ,24, , , , , , , , 
9, , , , , , , , , ,20, , , , , , , , , , , , , , 
 , , , , , , , , , , , , , ,24, , , , , , , , , , 
24, , , , , , ,1, , , , , , , , , , , , , , , , , 
 , , , , , , , , ,2, , , , , ,18, , , , , ,23, , , 
 , , , , , , , , , , , ,25, ,7, , , , , , , , , ,9
7, , , , , , , , , , , , , , , , , , , , , , , , 
 , , , ,6,8, , , , , , , , , , , , , , , , , , ,24
 , , , , , ,8, , , , ,9, , , , ,15, , , , , , ,24, 
 , , , , ,10, , , ,21, , ,3,15, , , , , , , , , , , 
 , , , , , , , , , , , , , , , , , , , , , , ,20, 
 , , , , , , , ,12, , , , ,16, , , , , , , , , , ,10
16, , ,8, , , , , , , ,4, , , , , , , , , , , , , 
 , , , , , , , , ,7,21, ,11, , , , , , , , , , ,12,19
 , , , , ,24, , , , ,1, , , ,14,19, , , , , , , , , 
 , , , ,24, , , , , , , , , , , , , , , , , , , , 
12, , , , ,25, , , , , , , , , , , , , ,1, , , , , 
 , , , , ,14, , , , ,17, , , , , ,2,3, , , , , ,4, 
