 ,13, , , , , , , ,7, , , , , , 
 , , , , , , , , , , , , , , , 
 , , , , , , , , , ,8, , ,10, , 
10, , , , , , , , ,6, , , , , , 
 , , ,1, , , , , ,9, , , , , , 
 , ,3, , ,4, , , , , , , , , ,16
 , , , ,2, , , , , , ,5, , , , 
5, , , , , , , , , ,3, , , , , 
 , , , , , , , , , , , , , ,6, 
 ,4, , , , , , ,3, , , , , , , 
 , , , , ,2, , , , , , , , , , 
 , , , , , , , , , , , , , , , 
 , , , , , , , , , , , , , , , 
 ,2, , , , , , , , , ,9, , , , 
 ,7, , , , , , , , , ,1, , , , 
12, ,14, , , , , , , , , , , , , 
