14,9, ,2, , , , , , , ,7, , , , 
 , , , ,2, , , , , , , , , , , 
10, , , , , ,14, , , , , , , , , 
 , , , , , , , , , ,2, , , , , 
 , , , , , , , ,12, , , , , , , 
 , , , , , ,12, , , ,9, , , ,13, 
9, , ,16, , , , , , , , , , , , 
 , , , , , , , , , , , , , , , 
 , , , , , , , , , , , , , , , 
 , , , , , , ,14, , , , , , ,7, 
 , , , , , , , , , , , , , ,4, 
 , , , , , , , , , , ,9, , , , 
 , , , , , , , , , , , , , , , 
 , , , , ,12, , , , , , , , ,5, 
 , , ,12, , , , , , , , , , , , 
1, , , , , ,5,3, , , , , , ,8, 
