 , , , , , , , ,1, ,19,10, , , , , , , , , , , , , 
 , , ,4, ,12, , , , , , , , , , , , , , , , , , , 
 , , , , , , , , , , , , , , , , , , , , , , , , 
 , , , , , , , , , ,21,18, , , , , , , , , , , , , 
 , , , , , , , , , , , , , , , , , ,13, , , ,17,11, 
 , , , , , , , ,5, , , , , , ,18, ,14, , , ,8, , , 
 , , , , , , ,4, , , , ,11, , , , , , , , , , ,21, 
 ,14, , ,9, , , , , , , , , , , ,20, , , , , , , , 
 , , , , , , , , , , , , , , , , , , , , , ,6, ,12
 ,12, , , , ,10, , , , ,19, , , , , , , , , , , , , 
19, ,13, , , , , , , , , , , , , , , , , , ,11, , , 
 , , , , , , , , , , , , , , , , , , , , , , ,7, 
 , , , , , , , , , , , , , , , , , , , , , , , , 
9, , ,12, , , , , , , , , , , , , , , ,22, , , , , 
 ,20, , , , , , , , , , , , , , , , ,1, , ,22, ,8, 
 , , , , , , , , , , , , , , , ,7, , , ,1, ,10, , 
 , , , , ,25, , , , , , , , , , , , , , , , , , , 
25, ,19, , ,21, ,14,16, , , , , , , , , , ,11, , , , , 
21, , , , , , , , , , , , ,15, , , , , , , , , , , 
 , , , , , , , , , , , , , , , ,2,12, ,5,18, , , , 
 , , , , ,8, , , , , , , , , , , , , , ,11, , , , 
 , , , , , , , , , , , , , , , , , , ,17, , , , , 
 , , , , , , , , , ,15, , , ,25, , , , ,6, , , , , 
 , , , , , , , , , , , , , , ,20, ,13, , , , , , , 
 , , , , , , , , , , , , , , ,23, , , ,8, , , , , 
