 , , , , , , , , , , , , , , ,18, , , , , , , , , 
 , , , , , , ,20,8, , , , ,9, , ,15, , , , ,13, ,24, 
15,8, , , , , , , , , , , , , , , , , , , , , , , 
 , , , , , , , , , , , , , , , , , , , , , , , , 
 , , , , , , , , , , , , , , , , , , , , , , , , 
 , , , , ,18, , , , , , , ,10, , , , , , , ,12, , ,24
 , , , , , , , , , , , , , , , ,11, , , , , , , , 
 , , , , ,25, , , , , ,8, , , , , , , , , , , , , 
 , , , , , , , , , , , ,17, , , , ,4, ,3, , , ,25, 
 , , , , , , , , , , , , , , , , ,2, , , , , , , 
 , , , , , , , , , , , , , , , , , , , , , , , , 
20, , , , , , ,8, , , , , , , , , , , , ,23, , ,5, 
 , , , , , , , , , ,8,20, , , , , ,21,25, , , ,17, , 
 , , ,8, , , , , , , , , ,18, , , , , , , , , , ,20
 , , , , ,20, , , ,16, , ,1, , ,8, , , , , ,21, , , 
 , ,18, , , , , , ,19, , , ,3, , , , , , , , , , , 
 ,23, , , , , , , , , , , , , , ,17,10, , , , , , , 
 , , , , , , , , , , ,19, , , , , , , , , , ,24, , 
 , , , , , , , , ,21, , ,18,8,10, , , , , , , , , , 
 , , , , , , , , , , , ,15, , , , , , , , , , , , 
 , ,19,23, , ,8, , , , , , , , , , , ,2, , , , , , 
 ,5, , , , , , , , , , , ,21,25, , , , , , , , , , 
 ,7, , , , , , , , , , , , , , , ,20, , , , , , , 
 , , , , , , , , , , , , , , ,25, , , , , , , , , 
 , , , , , , , , , , ,13, , , , , , , , , , , , , 
