9,8,4, , , ,5,14,16,13, , , , , , 
7, ,14, ,1,2,13,8,6,9, ,12, , , , 
13, ,6, , , , ,4, ,1, , , , , , 
 , ,1, , , , , , ,3, ,10, , , , 
 , ,8, , , , , , , , , , , , , 
6,1, , , , , , , , ,7, ,11,13, , 
4, ,15,2, , , , , ,14,3, ,10, , , 
 ,14, , ,7, , , , , , ,2, ,6, ,1
 ,2, ,8,3, , , , , , , , , , , 
 ,13, ,15,2, , , ,10, ,1,4, , , , 
 ,6, , ,5,15, , , ,8, , ,13,2, , 
 ,5, , ,13, ,1,9, ,16, ,6, , , , 
 ,9,3, , , , , ,14, ,2, , , ,7, 
2, , , , , , , ,9,12, , , , , , 
12, , , , , , , , , , , , , ,13, 
1, , , ,15,9, , , , , , ,14, , ,5
