 , , , , , , , , ,15,22,3, , , , , , , , ,16,2, ,8, 
2, , , , , , ,17, , , , ,21,24, , , , , , , , , , , 
17,12, ,21,11, , , , , ,20, , , ,18,8,25, , , , , , ,1, 
 , ,9,8,19, , , , , ,17,1,14, , , , , , ,10,20, , , , 
 , , ,6,14,8,19,9, ,1, , , , , ,18, ,23, ,20, , , , , 
 ,23,8, , , , , , , , ,13, , , , , ,3, ,25,7,4,12, , 
 ,1,13, , ,23, , , , , , , , , , , , , , , , , , , 
 , , , , ,19,25,1,13,8,15, , , , , , , ,22, , , , , ,16
19,9,21,25, , , ,2, ,4, ,12, , , , ,8, , , , , , , , 
 ,10,4, ,7, , , , , , , , , , , , ,17, , , , ,15, , 
 , , , ,18, , , , , ,19, ,13,14,21,5,17,10,3, , , , , , 
 ,15,1, , , ,16, ,20, , , , , , , , ,21, , , , ,17,7, 
21,20, ,17, ,15,1, , , , , , , ,16, , , ,11, , ,13,25, ,14
13,16, , , ,21, ,19,8, ,9,20,1, ,17,14, , ,6, ,4, , ,10, 
8,6, , , ,13,17, , ,14, , , , , ,25,1, ,9, ,21,22, , , 
9,13, , , , , , , ,2, , , , , , , , , , , , , ,19, 
 , , , , , , , , , , , ,25,17,10, , , ,18, ,5,23, , , 
 , , , , , ,23, , , , ,5,6, ,12,19,7,11, , , ,1, , , 
23,14, ,24,21,16,5, ,6, ,13, , , , , , , , , ,25, ,7, , 
7,5, , , ,24, , ,10, , , , , , ,13, , , , , , , , , 
 ,7, ,1, , , ,16, ,3, ,18, ,20, ,15,23, , , , , , , , 
20,18,17, , ,7, , , , , , ,4, , , , , , , , , , ,5, 
 , , , , , , , , ,21,7, ,9,12,6,20,4,2,10, ,1,25, , , 
4, , , , ,10, , , , ,5, , ,21, , , , , , ,17, ,23, ,7
 , ,24, , , , , , , , , , , , , , , , ,18, , ,4,16,13
