 ,8, , , , , , , ,15,21, , , , , , , , ,18,6,24,14, ,4
18,2, ,19, ,24, , , , , , , , , ,21, , , , ,11,5, , , 
14,24,17,13, , ,2, , , ,18,5, , ,20, , ,3,4,6,16,21,12, , 
3,6,10, , ,21,25,4, , , , , , , , ,19,13, , , , , , , 
 , , , ,4,18, ,19,3, , , , ,13, , , , , , , ,2, , , 
21, , , , , , ,15,4, , , , ,12, , , , , , , , , ,14,8
 , ,8, ,12, , ,2, , , , , , ,25,22, , ,14, ,13, , ,4,10
4, ,2, ,6, , , , ,9, ,3, , , ,12, , ,17, , , ,21,19, 
 , , ,3,9,12,1,24, , , , , , , ,2, , , , , ,11, , , 
 , , , ,17,3, , , , ,22, , , , , ,25,19,5, , , , , , 
 , ,3, ,10, ,17, , , , , , , , , ,1, , , , ,7, ,22, 
1, ,18, , ,7,3, , , , ,4, , , , ,23, , , , , ,10, , 
 , ,7, , , ,20,21, , , , ,12, ,13, , ,6, , , , ,2, , 
2,20,22, ,5,23, , , , , , ,21, , ,4, , ,3, ,1, ,6, , 
 , , , , ,4,11, , , ,20, , ,24, , , , , , ,9, , , , 
 , , ,7, ,11, , , , , , , , , ,25, ,14, , ,24,22, , ,1
 ,14, ,11, , ,21, ,15, ,2, ,9, , ,20, , , ,3, ,13, , ,5
 ,21,19, , , , , ,10, ,11, ,25, , , , ,16, , , , , , , 
 ,17, , , ,19, ,20, , , , ,6, , , , , , ,23, , ,3, , 
6, , , , , , , , , , , , ,20,3, ,21, ,22, , ,25,7,2, 
 ,3,13, ,7, , , , ,4, ,12, ,25, , , , ,19, , , , , , 
 , , ,2, , , , ,24, , ,21, , , , ,12, , , , , , , ,15
12,16, , , ,2,8,1, , ,13, ,7, , , , , ,15, , , , , , 
 ,1, , , ,17,16, , ,6, , , , , ,13, , ,2,8, ,20, , , 
8,5, , , , , , , , ,1,23,2,18, ,3, , , , , , , , , 
