 , , , , ,3, , ,18, ,17, , , , ,25,7, , , ,11, , ,16, 
 , ,6,23, , ,16,25,22, , , ,13,19, , , , , , ,14, ,21,24,15
15,21,22, ,18,23, ,1,4, , ,8, , , , , , , , , ,19, , , 
 ,8, , , , , , , , , , , , , , ,2,5,19,23,13, , , ,22
5,3,19, ,2,15, , , , , , , , ,20, , , , , , ,10, , , 
19,14, ,9, , ,3,2, ,15,13, ,8, , , , , , , , ,5, , , 
 , , , , , ,10,6, , , , , , ,3, , , ,13, ,12,8,4,19, 
12,13, , ,5,8,20, , , ,19,6, ,10,7,24, , , , , ,11, , , 
8,11,21,10,7,9,19,14, , , ,12, , , ,15, , , , , , , , , 
 , , , , ,21, , , , ,2, , , , ,6,8,19,22, , , ,20, , 
18,19,17, , ,6, , , , ,24, , , , , , , ,21,12, , , , , 
24,7,2,8,10,1, , , , , , , , , , , , , , , , , , , 
 , , ,25,6,2,24, , , ,18, ,11, ,5, ,15, , , ,7, , , , 
 , , , , , , ,4,11, ,1,2, , , , , , , , , , , , , 
 , , , , ,25,18,19, , , , , , , , , , , ,16, , , , , 
7, , ,12, ,22,14,23,2, , , ,3, , , , , , , ,19, , , , 
 , , , , ,12,4, ,24, ,14,10,22, , , ,5,6, , , ,25, , ,9
 , ,15, , , , , , , , , ,17, , , , , , , , ,14, ,1, 
1, ,16, , , , , , ,17, , , , , , , ,10, , ,22, ,3, , 
17,23, , , , ,1,5, , , , , , , ,20,14, , , , , ,10, , 
 , , , , , , , ,12, ,10, ,19,4, , , , ,7, ,24,15, , , 
10,17,4, ,12,19, , , , , , , ,2, , , , , , , , , , , 
2, , , , ,10, , , ,14, ,5, , ,17,19,23,20, , ,16, , , , 
23,5, , , , , ,3, , ,8, ,9,22, , , , , ,11, , , , , 
3, ,20, , ,4, , , ,24, , , , , , ,16,8, ,6, , , , , 
