 , , , , , , , , , , , , , , ,22, , , ,8,18, , , , 
 , , , ,24, , , , , , , , , , , , , , ,15, ,3, , , 
13, , , , , , , , , , , , , , , , , ,18, , , ,7, , 
 , , , , , , , , , , , , , , , , , , , , , , , , 
 ,18, , , , , , , , , , , , , , , , ,5, , , , , , 
 , , , , , ,1, , , , , , , , , , , ,15,5, , , ,18, 
 , , , , , ,18, , , , , , , , , , , , , , , , , , 
 , , , , ,7,15,20, , , , , , , , , , , ,17, , ,10, , 
 ,15, , , , , , , , , ,23, , , , , , , ,18, , , , , 
 , , , ,17, , , , , , , , , , , , , , , , , , , , 
 , , , , , , , , , , , , , , , , , , , , , , , , 
 , , , , , , , , , , , , , , , , , , , , , , , , 
 , , , , , , , , , , , , , , , , , , ,20, , , , , 
 , , , , , , ,11,5, , , , , , , ,25,9,17, , , , , , 
23, ,12,5,15, , , , , , , , , , , , , , , , , , , , 
12,23, , , , , , , , , ,11, , , , , , , , , , , , , 
 , , , , , , , ,3, , , , , , , ,17,19,14, , , , , ,9
 , , , ,19, , , , , , , , , , ,4,15, , , , , , , , 
 , , , ,8, , , , , , , , , , , , , , , , , , , , 
 , , , ,9, , , , , , , , , , , , , , , , , , , , 
9, ,21,14, , , , , , , , , , ,4, , , , , , , , ,8,3
 , , , , ,21, , , , , , , , , , , ,17, , , , , , , 
 , , , , , , , , , , , , , , , , , , , , , , , ,5
 , , , , , , , , , , , , , , , , , , , , , ,2, , 
15,16, , , , ,5, , , , , , , , , , , ,1, , , , , , 
