 , , , , ,4, , , , , , , , , , , , , , , , , , ,1
 , , , , , , , , ,14, , , , , , , , , , , , , , , 
 ,21, , ,4, , , , , , , , , ,9, , , , ,13,17, ,6, , 
2, , , , , , , , , , , , , , , ,20,17,23, , , , , , 
 , , , , , , , , , , , , , , , , , , , , , , , , 
 , , , , , , , ,16,5, , ,21, , , , , , , , , , , , 
 , , , , , , , , , , , , ,24, , , , , , , , , , , 
24, , , , , , , , , , , , , ,22, , , , , , , , , , 
 , , , , , , , , , , , , , , , , ,22, , , ,13, , , 
 , , , , , , , , , , , , , , , , , , , , , , , , 
 , , , , , , , , ,12, ,6, , , , , , , , , , , , , 
6, , , ,24, , , ,23, , , , ,4, , , , , , , , , , , 
 , ,8,10, , , , , , , ,15, , , , , , , , , ,7, , , 
 , , , , , , , , , , , , , , , , , , , , , , , , 
 , , , , , ,1, , , , , , , , , , , , , , , ,24, , 
 , , , , , , ,14, , , , , , , , , , , , , , , , ,15
 , , , , , , , , , , , , , , , , ,5, , , , , , , 
 ,16, , , , , ,8, , , , , , , , , , , , , , , , , 
 ,24,11, , , , , , , , , ,2, , ,22, , , , , , , , , 
 , , , , , ,21, , , , , , , , , , , , , ,9, , , , 
15, , , , ,6, , , , , , , , ,19, , , , , , , , , , 
 , , ,24, , , , , , , , , , , , , , , , , ,21,2, , 
 , ,21, , , , , , , , , , , , ,18, , , , , , , ,1, 
 , , , , , , ,1,21, , , , , , , , , , , , , , , , 
 , , , ,5,13,20, , , , , , , , , ,17, ,8, , ,12,23, , 
