7, , , ,5, , , , , , ,1, , , , 
5, , , , , , ,15,14, , , , , , ,2
 ,12,6, , ,10, , , ,5,15,4, , , , 
 , , , , , ,16, , , , , , , , ,11
 , , , , ,13,14,3,5, , , , ,9,11, 
 ,6,13,11, ,5, , , , , , , , ,8, 
 , , , ,6,8,11, ,12, ,2,14,16, , , 
2, , ,8, , , , ,11,6, , ,14,10, , 
16, , , , , ,3, , , , ,7,15, , ,8
 , , , , ,4, ,11,16, , , , , , , 
 ,4, , , , , ,8, , , , , , , , 
12,13, , , , , , , , , ,5, , ,4, 
 , ,10,12,4, , , ,13, , , ,8,14,15, 
4,8, , , ,15, , , ,10,11, ,13, , , 
11, , ,15,10, ,13, ,4, , , ,3, , , 
13, , , ,7, , , , , , ,3, , , ,12
