 , , , , , , , , , , , , , , , , ,19,11, ,12, , , , 
19,11, , , , ,24,9, , , , , , , , , , , ,21, , , , , 
 , , , , , , , , , , , , , , , , , , ,9, , ,7, , 
 , , ,12, , ,1, , , , , , , , , , , , , , , , , ,23
 , , , , , , , , , , , , , , , , , , , , , , , , 
 , , , , , , , ,11, , , , , , , ,19, , , , ,7,5, ,4
 , , , , , ,5, , , , , ,14, , , , , , , , , , , , 
 ,10, , , , , , , , , , ,15, , ,6, , ,3, , , ,16, , 
25, , , , ,18, , , , , , , , , , , , , , , , ,15, , 
18, , , , , , , , , , , , , , , , , , , , , , , , 
 ,2, , , , , , , , , , , , , , , , , , , , , , , 
 , , , , , , , , , , , , , , , , , , , , ,1, , , 
 , , , , , , , , ,25, ,19, ,17,24, , , , , , , , , , 
 , , , , , , ,17, , , , , , , , , ,9, , , , , , , 
 , , , , , , , , , , , , , , , , , , , , , , , , 
 , , , , , , , , , , ,21, , , ,1,25, , , , , , , , 
 , , , , , , , , , ,8, , , , , , , , , ,23, , , , 
 , , , , , , , , , , ,17, , , , , , , , , , , , , 
17, , , , , , , ,25, ,7, , ,22, , , , , , , , , , , 
 , , , ,12, ,17, , , ,6, , , , , , , , , , , , ,22, 
8, , , , , , ,21, , , , , , , , , , , , , , , , , 
 , , , , , , , , , , , , , , , ,18, , , , , , ,7, 
7, , , , , , , , , , , , , , ,5, , , , , , , , , 
 , , , ,18, , , , , , , , , , , , , , , ,20, , , , 
2,20, , , , , , , , ,24, , , , , , , , , , , , , , 
