15,4,12, , , ,14,3, , , , ,9, , , 
 ,7, , , ,8,1, , , ,9,6,12, , ,15
 ,1,9, ,15,12, , , , , , , , , , 
 ,2, , , , , , ,7, , , ,6, , , 
6, ,2, , , , ,11,9,8, , , , , ,7
7,11,16, , , ,9,6, , , , , , , ,12
12, , ,9, , , , , , , , , ,1, ,13
 , ,13, , , , , , , , , , , , , 
 ,16,8, , , , , ,4, ,7, , ,6,5, 
 ,6,1,4, , , , , ,2, ,13, , , , 
 , , ,14, ,9, ,15, , , , , ,3,11, 
9, , , ,8,10,12,14, , , , , , , , 
11, , , , , , , , , , , , , , , 
 , , ,6,12, , ,2, ,3, ,9,16, , , 
3, , ,10,6, ,11, , ,5, , , , ,13, 
16,12, , , , ,15,4,6, , , , , , , 
