 , , , , , , , , , , , , , , , 
 , , , , , , , , , , , , , , , 
 , , , , , , , , ,14, , , , , ,13
2, , , , , , , , , , , , , ,14, 
 , ,3, , , , , , , , , , , , , 
 , , , , , , , , , , ,6,3, , , 
6, ,7, , , , , , , , , , , , , 
10, , , ,7, ,12, , , , , , , , , 
 , , , , , , , ,15, , , , , , , 
 , , , , , , , , , , , , , , , 
 , , , , , , , , , ,6, , , , , 
 ,6, , , , , , , , , , , , , , 
 , , ,13, , , , , ,1, , , , , , 
 , , , ,13,16, ,5,12, , , , , , , 
 , , , ,12, , ,6, , , , , ,14, , 
12, , , , , , , , , , , , , , , 
