 , , , ,9, , , , , ,3,16, , , ,25, , , , , , , , , 
 , , , ,24, , ,25, , , , ,9, , ,17,12,3,10, , , ,19, , 
1, , ,8, ,23,17,9, , , , ,24, , , , ,15,7,5,22, , , , 
17, ,16,7,23, , ,10,20,5, , , , , ,9, , ,21, , , , , , 
3,21,20, , ,16, , , , , ,12,25,17,13, , ,18, , , , , , , 
13,17,21, , ,18, , ,7, , , , ,25, , , , ,24, , , ,16,15, 
25,5,19,6, , ,10,16,11, ,18,24, , ,15, , , , , , , , , , 
 , ,10, ,16,21, , , , , , , , ,12, ,18, , , , , ,7, , 
18, , ,22, , , ,12,1, ,16,21, , , , ,5,7,2, , , , ,19,24
 , ,3, , ,22, , , ,23, , , , , ,16, , , , , , , , , 
23,16, ,13, , , , , , , , , , ,10,2, , , ,19, , , ,14, 
10,19, , ,11, ,15,4,16, ,23, , , , , , , , ,9, , , , , 
 , , , , ,10,11, ,12, ,25,8, ,24, ,18,16, ,4, , , ,6, , 
8, , , , , , , ,23, ,22,11, , , ,10,25, , , , , , , , 
 , ,22, , , , , , , ,2, ,16, , ,13,11, ,12,14, , , , , 
6,2,4, , , , , , , ,11, , , ,14, , , , , , , , , , 
11, , , , ,6, , ,4, , , , , , , , ,25, , , , , , , 
 , , , , , , ,19, , ,6, , , ,23, , ,4, , ,25, , ,2, 
 , ,5, , , , , ,13,14,4, ,15, , ,3,6, , , , , , , , 
 ,14,13, ,25,1, ,22, , , , ,17, , , , , , ,7,10, , , , 
 ,10, , , , ,22, , , ,20, ,8,12, , , , , , ,17,5, , , 
20,25, , , ,14, , , , , ,9, , ,19, , , , , ,23,18,13,24,10
19, , , , ,20,25, , , , ,1,13, , , ,9, ,6,10, , , , , 
 ,1,14, , , , , ,9,13, ,7, , , , , , , , , , , , ,15
9,13, , , , ,4, , , , , , ,16, , ,20, ,14, , , ,22,3, 
