 , ,7, , , ,17, , , , , , , , , , , , , , ,2, ,1,8
23, , , , , , , , , , , , , , , , , , , , , , , , 
 , ,8, , , , , , , , , , , , , ,24, , , , , , , ,25
 , , ,21, ,8, ,3, , , , , , , , , , , , , , , , ,17
 , , , , , , , , ,19, , , ,7, , , , , , , , , , , 
 , ,16, , , , , , , , , ,14, , , , , , , , , , , , 
 , , , , , , , , , , , , , , , , , , , , , ,9,6, 
 ,23, , ,9, , , , , , , , , , , , , , , , ,20, , , 
 , , ,24, , , , , , , , , , ,15, , , , , , , , , , 
 , , , , , , , , ,12, ,23, , , , , , , , , , , , , 
12, , , , , , , , , , , , , , , , , , , , , , , , 
20, , , ,11, , , , , ,16, , , , , , , , , , , , ,19, 
 ,24, , , , , , , , , , , , , , , , , , , ,11, , , 
 , , , ,6,14, , , , , , , , , , ,12, , , , , ,4, , 
 , , , , ,2, , , , ,25, , , , , , , , , , , , , , 
2, , , , ,9, , , , , , , , , , , , , , , , , , , 
 , , , ,4, , , , , , , , , , , , , , , , , , , , 
 , , , , , , , , , , , , , , , , , , , , , , , , 
 , , , , , ,14, , , , , , , , , , , , , , , , , , 
 , , , , , , , , , , , , , , ,13, , , ,2, , , , ,22
22, , , , , , , , , , ,9, , , , , , ,24, , , , , , 
 , , , , ,22,11,12,3,5, , , , , , , , , ,14, , , , , 
5, , ,3, , , , , , ,22, , ,18, , , , , , , , , , , 
 , , , , , , , , , , , , , ,19, , , , , , , , , , 
 , , , , , , , , , ,5, , , ,20, , , , , , , , , , 
