isOptimal = true
t = [
[ 2 9 15 13 3 14 5 12 8 4 1 6 10 7 16 11 ];
[ 11 4 10 8 2 9 6 16 12 7 3 14 5 13 15 1 ];
[ 7 3 5 12 4 10 1 11 2 15 13 16 14 6 9 8 ];
[ 6 1 16 14 15 8 7 13 11 5 9 10 3 12 2 4 ];
[ 3 11 14 6 16 5 12 8 15 10 2 13 4 9 1 7 ];
[ 12 16 1 5 9 4 15 14 3 11 6 7 13 10 8 2 ];
[ 10 13 8 9 6 1 2 7 16 12 14 4 11 15 5 3 ];
[ 15 7 2 4 11 3 13 10 1 9 5 8 12 14 6 16 ];
[ 16 2 9 7 12 6 11 4 13 1 10 15 8 3 14 5 ];
[ 8 5 4 1 10 7 9 2 6 14 16 3 15 11 12 13 ];
[ 13 12 3 15 1 16 14 5 9 8 7 11 2 4 10 6 ];
[ 14 6 11 10 13 15 8 3 4 2 12 5 16 1 7 9 ];
[ 9 15 7 2 14 11 3 6 5 13 8 12 1 16 4 10 ];
[ 5 8 13 11 7 12 4 9 10 16 15 1 6 2 3 14 ];
[ 4 10 12 3 5 2 16 1 14 6 11 9 7 8 13 15 ];
[ 1 14 6 16 8 13 10 15 7 3 4 2 9 5 11 12 ]
]
solveTime = 4.49900484085083
