isOptimal = true
t = [
[ 14 15 5 9 10 12 16 8 2 1 7 3 4 6 11 13 ];
[ 7 11 6 8 14 3 15 2 4 9 13 16 10 1 12 5 ];
[ 4 3 2 10 1 13 5 6 14 11 15 12 9 8 16 7 ];
[ 1 16 13 12 11 7 9 4 8 10 6 5 2 15 3 14 ];
[ 2 8 3 14 7 16 10 15 13 6 11 9 12 4 5 1 ];
[ 13 6 9 7 5 1 11 12 16 3 4 10 15 14 2 8 ];
[ 11 10 4 5 9 8 3 14 15 12 1 2 13 16 7 6 ];
[ 12 1 15 16 6 4 2 13 7 14 5 8 11 3 9 10 ];
[ 9 7 8 4 16 15 12 5 11 13 3 6 1 10 14 2 ];
[ 6 2 10 15 13 11 14 7 1 5 16 4 3 9 8 12 ];
[ 3 14 1 11 8 10 6 9 12 15 2 7 5 13 4 16 ];
[ 5 12 16 13 4 2 1 3 10 8 9 14 6 7 15 11 ];
[ 8 9 12 2 15 6 13 1 3 7 14 11 16 5 10 4 ];
[ 16 5 7 6 3 14 4 11 9 2 10 1 8 12 13 15 ];
[ 15 4 11 1 12 9 7 10 5 16 8 13 14 2 6 3 ];
[ 10 13 14 3 2 5 8 16 6 4 12 15 7 11 1 9 ]
]
solveTime = 1.2419400215148926
