isOptimal = true
t = [
[ 15 6 11 13 10 2 12 14 3 4 7 9 5 8 1 16 ];
[ 10 7 1 16 8 4 13 3 12 14 5 2 6 9 11 15 ];
[ 12 4 9 14 15 7 5 1 8 6 16 11 2 3 10 13 ];
[ 3 8 5 2 16 6 9 11 15 10 13 1 14 4 7 12 ];
[ 16 14 15 10 6 13 11 5 4 2 9 8 3 7 12 1 ];
[ 9 3 7 8 12 14 1 15 16 11 6 13 4 10 5 2 ];
[ 5 1 2 11 7 3 4 8 14 15 12 10 13 16 6 9 ];
[ 13 12 4 6 2 10 16 9 1 7 3 5 11 15 14 8 ];
[ 6 5 16 15 3 1 10 12 9 13 14 4 8 11 2 7 ];
[ 4 9 14 1 5 15 2 7 11 16 8 12 10 13 3 6 ];
[ 7 2 13 12 14 11 8 16 10 3 15 6 9 1 4 5 ];
[ 8 11 10 3 4 9 6 13 2 5 1 7 16 12 15 14 ];
[ 2 13 6 9 11 16 14 10 7 12 4 15 1 5 8 3 ];
[ 1 10 12 7 9 5 3 4 6 8 2 16 15 14 13 11 ];
[ 14 16 8 4 13 12 15 6 5 1 11 3 7 2 9 10 ];
[ 11 15 3 5 1 8 7 2 13 9 10 14 12 6 16 4 ]
]
solveTime = 0.04563498497009277
