isOptimal = true
t = [
[ 7 11 14 2 5 3 9 12 8 16 10 1 6 15 13 4 ];
[ 5 3 9 13 8 6 4 15 14 7 12 11 10 1 16 2 ];
[ 8 12 6 16 11 10 1 13 2 5 15 4 7 3 9 14 ];
[ 10 15 4 1 14 2 16 7 3 13 6 9 12 8 5 11 ];
[ 15 10 12 4 2 13 14 3 5 8 7 16 1 9 11 6 ];
[ 14 6 13 11 12 5 7 16 15 1 9 10 4 2 8 3 ];
[ 1 5 3 9 6 8 11 10 12 4 2 14 16 13 7 15 ];
[ 2 16 7 8 9 1 15 4 11 6 3 13 14 10 12 5 ];
[ 16 1 11 10 13 12 3 5 9 2 4 7 15 6 14 8 ];
[ 6 2 5 7 1 4 10 11 16 14 8 15 9 12 3 13 ];
[ 9 4 15 14 16 7 2 8 6 3 13 12 5 11 1 10 ];
[ 12 13 8 3 15 14 6 9 10 11 1 5 2 7 4 16 ];
[ 3 7 10 12 4 11 5 6 13 9 16 2 8 14 15 1 ];
[ 4 8 1 5 3 15 12 14 7 10 11 6 13 16 2 9 ];
[ 11 9 2 15 10 16 13 1 4 12 14 8 3 5 6 7 ];
[ 13 14 16 6 7 9 8 2 1 15 5 3 11 4 10 12 ]
]
solveTime = 80.15650296211243
