isOptimal = true
t = [
[ 2 13 16 11 10 1 3 9 4 7 12 15 5 14 8 6 ];
[ 14 5 9 7 4 6 2 8 16 13 1 10 11 15 3 12 ];
[ 1 6 4 12 11 14 15 5 9 2 8 3 7 10 16 13 ];
[ 10 15 8 3 16 12 7 13 5 6 11 14 2 4 9 1 ];
[ 4 8 13 1 5 10 16 11 6 9 7 12 14 3 2 15 ];
[ 11 9 3 6 1 4 14 7 2 10 15 8 13 5 12 16 ];
[ 7 10 15 16 2 3 8 12 1 14 13 5 9 6 4 11 ];
[ 5 12 2 14 13 9 6 15 11 16 3 4 8 1 10 7 ];
[ 9 3 12 13 14 16 4 1 10 11 5 7 15 2 6 8 ];
[ 8 4 7 15 9 5 13 6 3 12 14 2 1 16 11 10 ];
[ 6 1 11 10 7 2 12 3 8 15 9 16 4 13 14 5 ];
[ 16 14 5 2 15 8 11 10 13 1 4 6 12 9 7 3 ];
[ 3 11 10 5 12 15 9 14 7 4 16 13 6 8 1 2 ];
[ 13 2 1 4 6 7 5 16 12 8 10 9 3 11 15 14 ];
[ 15 7 6 8 3 11 10 4 14 5 2 1 16 12 13 9 ];
[ 12 16 14 9 8 13 1 2 15 3 6 11 10 7 5 4 ]
]
solveTime = 0.5411601066589355
