isOptimal = true
t = [
[ 14 9 16 2 5 6 4 12 8 13 10 7 11 1 15 3 ];
[ 15 6 4 13 2 7 8 10 1 5 3 11 12 9 16 14 ];
[ 10 1 8 3 13 9 14 11 15 12 16 6 7 5 2 4 ];
[ 12 5 7 11 1 3 15 16 9 14 2 4 8 13 10 6 ];
[ 4 14 2 1 8 13 9 5 12 3 7 10 16 11 6 15 ];
[ 8 11 15 6 3 10 12 1 14 16 9 2 5 4 13 7 ];
[ 9 7 13 16 6 14 11 2 4 15 8 5 3 10 1 12 ];
[ 3 12 10 5 7 4 16 15 13 6 11 1 14 8 9 2 ];
[ 6 2 12 8 16 11 1 9 7 4 13 15 10 14 3 5 ];
[ 13 4 1 10 15 5 3 14 11 2 12 16 9 6 7 8 ];
[ 5 15 11 9 12 8 10 7 6 1 14 3 13 2 4 16 ];
[ 16 3 14 7 4 2 13 6 10 8 5 9 15 12 11 1 ];
[ 7 16 3 14 11 1 2 13 5 10 6 8 4 15 12 9 ];
[ 2 13 6 15 10 12 7 8 3 9 4 14 1 16 5 11 ];
[ 11 8 5 12 9 15 6 4 16 7 1 13 2 3 14 10 ];
[ 1 10 9 4 14 16 5 3 2 11 15 12 6 7 8 13 ]
]
solveTime = 2.737987995147705
