isOptimal = true
t = [
[ 9 5 3 6 11 16 10 4 13 7 8 12 1 14 15 2 ];
[ 2 16 15 14 8 12 7 9 1 5 4 10 6 13 11 3 ];
[ 4 8 12 7 13 14 1 2 15 3 6 11 16 5 9 10 ];
[ 10 1 13 11 3 15 5 6 9 16 14 2 8 12 4 7 ];
[ 11 4 10 15 7 2 6 8 12 14 1 13 9 3 16 5 ];
[ 16 3 6 1 12 4 15 14 5 11 10 9 7 8 2 13 ];
[ 14 7 9 8 5 11 13 3 4 2 16 6 15 1 10 12 ];
[ 12 13 2 5 1 9 16 10 7 8 15 3 11 6 14 4 ];
[ 13 14 4 10 9 6 11 7 3 12 5 15 2 16 1 8 ];
[ 5 15 8 9 16 3 14 1 10 4 2 7 13 11 12 6 ];
[ 6 2 1 16 15 5 4 12 8 13 11 14 3 10 7 9 ];
[ 3 11 7 12 10 8 2 13 6 1 9 16 14 4 5 15 ];
[ 8 6 14 3 2 10 12 5 16 15 7 1 4 9 13 11 ];
[ 15 9 11 4 14 13 8 16 2 10 3 5 12 7 6 1 ];
[ 1 10 16 13 4 7 9 15 11 6 12 8 5 2 3 14 ];
[ 7 12 5 2 6 1 3 11 14 9 13 4 10 15 8 16 ]
]
solveTime = 0.21526598930358887
