isOptimal = true
t = [
[ 16 11 13 10 7 2 15 6 9 12 1 8 4 5 14 3 ];
[ 6 1 8 14 4 3 12 11 13 5 7 15 16 2 10 9 ];
[ 15 7 3 2 14 5 1 9 16 4 10 11 13 12 6 8 ];
[ 4 5 9 12 10 8 13 16 3 14 6 2 1 15 7 11 ];
[ 5 3 15 9 11 1 4 2 7 6 12 10 14 13 8 16 ];
[ 8 16 2 6 3 10 7 15 14 13 11 4 12 1 9 5 ];
[ 7 12 1 13 6 14 16 5 8 2 3 9 10 11 15 4 ];
[ 11 14 10 4 9 12 8 13 15 1 5 16 3 7 2 6 ];
[ 12 2 14 1 16 4 11 10 5 9 8 7 6 3 13 15 ];
[ 9 6 5 8 2 7 3 12 10 15 13 14 11 4 16 1 ];
[ 10 13 7 11 15 6 5 8 4 3 16 1 9 14 12 2 ];
[ 3 4 16 15 1 13 9 14 12 11 2 6 8 10 5 7 ];
[ 13 15 11 5 8 16 14 3 1 7 9 12 2 6 4 10 ];
[ 14 8 12 16 5 15 6 1 2 10 4 3 7 9 11 13 ];
[ 1 10 6 7 13 9 2 4 11 16 14 5 15 8 3 12 ];
[ 2 9 4 3 12 11 10 7 6 8 15 13 5 16 1 14 ]
]
solveTime = 0.045590877532958984
