isOptimal = true
t = [
[ 1 7 10 8 14 16 4 11 12 15 5 2 9 13 6 3 ];
[ 13 3 9 15 12 7 10 2 6 4 8 14 5 11 16 1 ];
[ 12 14 16 4 5 6 1 3 10 13 9 11 7 15 2 8 ];
[ 11 6 5 2 13 9 8 15 1 7 3 16 14 10 12 4 ];
[ 9 10 7 5 4 13 2 16 3 1 15 12 6 8 11 14 ];
[ 16 15 12 14 1 8 9 6 11 5 2 10 4 3 13 7 ];
[ 8 2 3 13 7 5 11 12 16 6 14 4 15 1 10 9 ];
[ 6 4 1 11 3 15 14 10 8 9 13 7 2 16 5 12 ];
[ 10 12 2 16 6 4 13 1 14 3 11 9 8 5 7 15 ];
[ 7 13 8 9 11 3 5 14 15 16 12 6 10 4 1 2 ];
[ 5 1 15 6 9 2 16 7 13 10 4 8 12 14 3 11 ];
[ 4 11 14 3 10 12 15 8 5 2 7 1 13 6 9 16 ];
[ 2 16 4 10 8 14 7 13 9 11 1 5 3 12 15 6 ];
[ 15 8 11 7 2 10 6 5 4 12 16 3 1 9 14 13 ];
[ 14 5 13 12 16 1 3 9 2 8 6 15 11 7 4 10 ];
[ 3 9 6 1 15 11 12 4 7 14 10 13 16 2 8 5 ]
]
solveTime = 1.48887300491333
