isOptimal = true
t = [
[ 13 6 9 7 12 11 14 3 16 1 8 4 10 2 15 5 ];
[ 11 2 15 5 6 8 4 9 7 13 10 12 16 14 1 3 ];
[ 10 14 8 1 16 5 15 7 6 9 3 2 13 11 4 12 ];
[ 4 12 3 16 1 13 10 2 15 11 14 5 8 6 7 9 ];
[ 8 1 7 9 13 14 12 10 3 16 11 15 2 5 6 4 ];
[ 3 10 11 2 9 15 8 4 12 6 5 14 7 16 13 1 ];
[ 16 15 14 13 7 6 1 5 2 8 4 9 11 3 12 10 ];
[ 12 5 6 4 3 16 2 11 10 7 13 1 9 8 14 15 ];
[ 7 3 5 15 4 9 13 1 8 10 16 6 14 12 11 2 ];
[ 9 11 16 6 5 12 7 14 4 2 1 13 15 10 3 8 ];
[ 2 13 1 12 15 10 11 8 5 14 7 3 4 9 16 6 ];
[ 14 4 10 8 2 3 6 16 9 15 12 11 1 7 5 13 ];
[ 15 8 2 3 11 1 16 6 13 12 9 7 5 4 10 14 ];
[ 6 16 12 14 8 7 5 13 1 4 2 10 3 15 9 11 ];
[ 1 9 4 10 14 2 3 12 11 5 15 16 6 13 8 7 ];
[ 5 7 13 11 10 4 9 15 14 3 6 8 12 1 2 16 ]
]
solveTime = 1.036384105682373
