isOptimal = true
t = [
[ 13 7 12 4 6 5 3 14 1 15 8 16 9 10 11 2 ];
[ 9 14 15 11 2 13 8 16 7 10 5 3 1 4 12 6 ];
[ 3 5 10 6 11 9 1 15 4 14 12 2 7 16 8 13 ];
[ 2 16 8 1 10 12 4 7 6 11 13 9 5 3 14 15 ];
[ 16 13 3 5 1 11 6 2 10 12 9 7 8 15 4 14 ];
[ 14 15 1 9 8 4 16 13 5 2 11 6 3 12 10 7 ];
[ 6 4 7 12 5 10 14 9 8 3 1 15 13 11 2 16 ];
[ 10 11 2 8 7 15 12 3 13 16 14 4 6 1 9 5 ];
[ 1 9 14 16 4 3 5 11 15 7 2 13 10 8 6 12 ];
[ 11 8 4 3 16 6 15 12 9 5 10 14 2 13 7 1 ];
[ 15 12 5 2 14 7 13 10 11 8 6 1 16 9 3 4 ];
[ 7 6 13 10 9 8 2 1 3 4 16 12 14 5 15 11 ];
[ 8 3 16 13 15 2 9 4 14 1 7 11 12 6 5 10 ];
[ 4 2 6 14 13 16 11 5 12 9 3 10 15 7 1 8 ];
[ 5 10 9 15 12 1 7 6 2 13 4 8 11 14 16 3 ];
[ 12 1 11 7 3 14 10 8 16 6 15 5 4 2 13 9 ]
]
solveTime = 0.4697589874267578
