isOptimal = true
t = [
[ 7 3 12 5 6 1 4 10 8 15 16 13 2 14 11 9 ];
[ 15 14 1 16 11 5 8 3 9 7 6 2 13 12 10 4 ];
[ 11 8 13 6 12 2 9 16 4 10 1 14 15 3 7 5 ];
[ 10 2 9 4 7 15 14 13 3 12 11 5 6 16 8 1 ];
[ 12 1 8 3 5 13 7 2 16 14 9 11 4 15 6 10 ];
[ 16 4 15 10 3 9 1 6 5 2 12 8 11 7 14 13 ];
[ 9 13 5 14 15 11 10 8 1 6 4 7 16 2 12 3 ];
[ 2 6 11 7 14 4 16 12 10 3 13 15 9 1 5 8 ];
[ 13 5 2 1 4 3 15 7 12 9 10 6 8 11 16 14 ];
[ 14 12 16 9 2 10 5 11 7 13 8 3 1 4 15 6 ];
[ 4 10 6 15 8 12 13 1 14 11 2 16 5 9 3 7 ];
[ 3 11 7 8 9 16 6 14 15 1 5 4 12 10 13 2 ];
[ 8 9 4 13 10 14 2 15 11 5 7 12 3 6 1 16 ];
[ 6 7 14 11 1 8 12 4 13 16 3 9 10 5 2 15 ];
[ 5 15 10 12 16 6 3 9 2 8 14 1 7 13 4 11 ];
[ 1 16 3 2 13 7 11 5 6 4 15 10 14 8 9 12 ]
]
solveTime = 0.3979179859161377
