isOptimal = true
t = [
[ 7 13 1 6 2 10 12 4 16 14 15 11 3 8 5 9 ];
[ 5 9 15 14 7 8 13 1 6 3 10 12 4 16 2 11 ];
[ 12 11 16 10 9 5 3 14 8 2 1 4 7 13 15 6 ];
[ 2 3 4 8 16 11 15 6 5 9 7 13 14 12 1 10 ];
[ 10 5 8 7 6 1 14 9 2 15 11 3 12 4 13 16 ];
[ 13 12 3 15 4 2 5 16 14 7 9 6 10 1 11 8 ];
[ 4 6 9 11 3 7 8 12 10 13 16 1 5 15 14 2 ];
[ 14 16 2 1 15 13 10 11 4 5 12 8 6 9 7 3 ];
[ 6 15 10 4 1 12 9 5 3 11 2 7 16 14 8 13 ];
[ 9 1 12 3 14 16 7 8 13 10 6 15 11 2 4 5 ];
[ 16 14 11 13 10 3 4 2 1 8 5 9 15 7 6 12 ];
[ 8 2 7 5 11 15 6 13 12 4 14 16 9 3 10 1 ];
[ 3 7 14 12 5 9 11 10 15 1 8 2 13 6 16 4 ];
[ 15 10 13 2 8 6 16 3 7 12 4 5 1 11 9 14 ];
[ 11 8 5 16 12 4 1 15 9 6 13 14 2 10 3 7 ];
[ 1 4 6 9 13 14 2 7 11 16 3 10 8 5 12 15 ]
]
solveTime = 0.0655360221862793
