t = [
[ 1 25 6 20 10 11 15 3 7 13 8 12 21 24 17 4 16 5 2 23 9 22 19 18 14 ];
[ 5 23 2 15 18 20 14 8 4 17 6 3 9 25 1 21 12 19 7 22 24 13 10 16 11 ];
[ 21 8 7 4 12 19 9 10 25 23 11 13 18 22 16 1 14 24 3 15 20 2 5 6 17 ];
[ 14 22 24 17 9 21 2 16 1 5 7 10 20 4 19 13 11 6 8 18 25 12 3 15 23 ];
[ 19 3 16 11 13 18 12 22 24 6 5 14 15 2 23 17 20 25 10 9 1 8 4 21 7 ];
[ 17 1 21 24 22 9 16 11 10 20 15 19 14 3 12 23 13 2 6 8 4 5 18 7 25 ];
[ 6 14 5 18 16 23 21 2 8 24 10 25 7 9 11 20 3 22 12 4 19 1 13 17 15 ];
[ 8 7 12 25 4 17 1 15 6 3 13 23 5 21 22 16 24 18 11 19 2 14 9 10 20 ];
[ 9 11 13 2 23 12 5 7 19 4 20 1 17 18 6 10 25 14 15 21 3 24 22 8 16 ];
[ 15 19 3 10 20 22 18 14 13 25 2 16 4 8 24 7 9 17 1 5 23 6 21 11 12 ];
[ 24 18 22 23 8 3 19 1 11 10 16 17 12 13 2 15 5 21 9 14 7 4 20 25 6 ];
[ 10 15 25 3 5 13 7 6 14 2 4 21 24 1 9 18 22 11 20 16 12 23 17 19 8 ];
[ 4 17 19 12 21 15 20 24 18 22 23 6 25 5 7 2 1 8 13 3 16 10 11 14 9 ];
[ 7 9 14 1 2 5 25 17 23 16 18 20 19 11 8 6 10 4 24 12 13 21 15 22 3 ];
[ 20 13 11 16 6 8 4 9 21 12 3 22 10 14 15 25 19 23 17 7 5 18 2 1 24 ];
[ 23 2 17 21 25 4 8 19 3 1 12 9 6 7 13 14 15 10 5 20 22 11 16 24 18 ];
[ 22 12 18 14 1 10 23 13 5 21 24 11 3 15 20 8 6 16 19 2 17 7 25 9 4 ];
[ 11 6 10 9 7 16 24 18 22 15 25 8 2 19 21 12 4 13 23 17 14 3 1 20 5 ];
[ 13 24 4 19 3 7 17 20 12 9 14 5 23 16 18 11 21 1 22 25 8 15 6 2 10 ];
[ 16 5 20 8 15 6 11 25 2 14 22 4 1 17 10 3 7 9 18 24 21 19 12 23 13 ];
[ 3 10 1 22 14 2 6 5 17 7 21 24 11 20 4 9 8 15 16 13 18 25 23 12 19 ];
[ 25 16 9 5 11 24 3 4 15 18 1 2 8 12 14 19 23 20 21 10 6 17 7 13 22 ];
[ 2 4 15 7 24 1 13 23 16 19 9 18 22 6 25 5 17 12 14 11 10 20 8 3 21 ];
[ 12 20 23 6 17 25 22 21 9 8 19 15 13 10 3 24 18 7 4 1 11 16 14 5 2 ];
[ 18 21 8 13 19 14 10 12 20 11 17 7 16 23 5 22 2 3 25 6 15 9 24 4 1 ]
]
solveTime = 2.2674901485443115
isOptimal = true
