t = [
[ 1 13 4 2 3 14 15 6 9 7 10 11 12 8 16 5 ];
[ 14 3 8 9 5 12 7 10 13 16 4 2 11 6 15 1 ];
[ 6 16 15 7 9 1 2 11 14 5 8 12 3 10 4 13 ];
[ 10 11 12 5 13 16 4 8 1 6 15 3 14 7 2 9 ];
[ 4 14 2 1 15 3 8 5 16 9 6 7 10 11 13 12 ];
[ 7 10 3 11 6 4 9 13 8 2 12 15 1 14 5 16 ];
[ 16 9 6 8 2 11 12 1 10 13 14 5 4 15 3 7 ];
[ 5 15 13 12 16 7 10 14 11 1 3 4 2 9 8 6 ];
[ 9 8 7 10 11 13 14 3 5 12 1 16 15 2 6 4 ];
[ 2 4 1 16 8 15 6 12 3 10 11 13 9 5 7 14 ];
[ 3 6 5 15 10 2 16 4 7 14 9 8 13 12 1 11 ];
[ 13 12 11 14 7 5 1 9 15 4 2 6 8 16 10 3 ];
[ 8 5 10 6 1 9 13 2 12 3 7 14 16 4 11 15 ];
[ 15 2 16 3 14 10 5 7 4 11 13 9 6 1 12 8 ];
[ 11 7 9 4 12 6 3 15 2 8 16 1 5 13 14 10 ];
[ 12 1 14 13 4 8 11 16 6 15 5 10 7 3 9 2 ]
]
solveTime = 0.07923078536987305
isOptimal = true
