t = [
[ 7 8 20 12 1 5 22 10 16 15 21 25 3 19 23 9 2 17 11 18 6 24 14 13 4 ];
[ 18 2 9 19 22 24 13 7 17 20 8 16 4 6 10 21 14 23 25 12 11 5 1 15 3 ];
[ 14 24 17 13 23 8 2 9 1 11 18 5 15 7 20 10 22 3 4 6 16 21 12 25 19 ];
[ 3 6 10 5 11 21 25 4 23 12 24 2 14 1 9 16 19 13 8 15 7 18 22 20 17 ];
[ 16 15 21 25 4 18 6 19 3 14 17 22 11 13 12 1 5 24 7 20 10 2 9 8 23 ];
[ 21 25 5 16 19 22 7 15 4 17 9 6 13 12 1 18 24 10 23 11 2 3 20 14 8 ];
[ 11 18 8 24 12 6 19 2 20 21 16 7 17 23 25 22 3 9 14 1 13 15 5 4 10 ];
[ 4 22 2 10 6 16 18 11 25 9 5 3 20 14 24 12 8 15 17 13 23 1 21 19 7 ];
[ 23 7 14 3 9 12 1 24 5 13 4 15 19 10 8 2 6 20 16 21 18 11 25 17 22 ];
[ 15 13 1 20 17 3 23 14 8 10 22 11 18 21 2 7 25 19 5 4 12 6 16 24 9 ];
[ 19 12 3 21 10 15 17 8 6 24 23 9 16 2 11 14 1 5 18 25 4 7 13 22 20 ];
[ 1 11 18 15 24 7 3 13 2 16 6 4 5 17 14 8 23 22 20 9 25 19 10 12 21 ];
[ 9 4 7 8 16 1 20 21 14 22 25 19 12 3 13 11 17 6 24 10 15 23 2 5 18 ];
[ 2 20 22 14 5 23 10 25 9 19 7 18 21 8 15 4 13 12 3 16 1 17 6 11 24 ];
[ 25 23 6 17 13 4 11 5 12 18 20 10 1 24 22 15 7 2 21 19 9 14 8 3 16 ];
[ 20 9 4 7 3 11 12 16 18 8 19 13 23 5 21 25 15 14 6 2 24 22 17 10 1 ];
[ 24 14 12 11 8 25 21 6 15 23 2 17 9 22 7 20 4 1 10 3 19 13 18 16 5 ];
[ 5 21 19 1 2 14 24 22 10 3 11 8 25 4 18 17 9 16 13 7 20 12 15 23 6 ];
[ 13 17 25 22 18 19 5 20 7 2 10 1 6 15 16 24 11 8 12 23 21 4 3 9 14 ];
[ 6 10 16 23 15 9 4 17 13 1 12 14 24 20 3 19 21 18 22 5 8 25 7 2 11 ];
[ 17 3 13 9 7 20 14 18 21 4 15 12 10 25 6 5 16 11 19 24 22 8 23 1 2 ];
[ 22 19 23 2 20 13 9 3 24 7 14 21 8 16 4 6 12 25 1 17 5 10 11 18 15 ];
[ 12 16 24 18 14 2 8 1 19 5 13 20 7 11 17 23 10 21 15 22 3 9 4 6 25 ];
[ 10 1 15 4 25 17 16 23 11 6 3 24 22 9 5 13 18 7 2 8 14 20 19 21 12 ];
[ 8 5 11 6 21 10 15 12 22 25 1 23 2 18 19 3 20 4 9 14 17 16 24 7 13 ]
]
solveTime = 0.28330302238464355
isOptimal = true
