t = [
[ 23 5 18 21 22 17 11 8 1 24 19 10 15 16 20 12 25 4 6 7 14 13 9 3 2 ];
[ 11 3 25 4 7 12 9 6 2 15 13 24 23 17 1 10 22 21 20 14 8 19 16 5 18 ];
[ 20 17 12 14 19 23 18 25 22 13 11 9 5 8 7 24 15 16 2 3 10 6 21 4 1 ];
[ 8 10 6 24 13 16 20 5 14 4 21 18 12 2 3 17 19 1 11 9 23 25 22 15 7 ];
[ 2 16 1 9 15 19 3 10 7 21 4 25 6 14 22 8 5 23 13 18 24 12 17 11 20 ];
[ 1 6 17 11 25 22 15 3 5 19 2 20 4 13 12 18 9 14 24 21 7 8 23 10 16 ];
[ 18 7 22 15 16 14 25 4 6 23 3 8 11 5 24 13 17 19 12 10 20 1 2 21 9 ];
[ 5 14 24 23 9 2 12 13 17 18 6 15 1 10 21 16 20 7 8 4 22 3 11 25 19 ];
[ 13 8 21 19 10 1 16 11 24 20 9 7 14 25 23 22 3 2 5 15 17 4 6 18 12 ];
[ 4 12 20 3 2 7 10 21 8 9 22 19 16 18 17 11 1 6 25 23 13 15 5 24 14 ];
[ 19 2 13 5 6 18 24 9 12 22 1 21 8 23 15 7 14 17 16 25 3 11 4 20 10 ];
[ 17 22 3 25 4 13 19 1 10 14 16 12 2 24 11 5 23 8 21 20 6 9 18 7 15 ];
[ 16 1 23 18 21 6 8 15 25 17 14 22 20 7 10 3 4 11 9 2 19 5 13 12 24 ];
[ 9 11 15 12 8 20 21 23 3 7 25 5 18 19 4 6 13 24 10 22 2 16 14 1 17 ];
[ 10 20 14 7 24 4 5 16 11 2 17 6 3 9 13 15 12 18 1 19 21 22 25 8 23 ];
[ 12 9 16 22 17 15 23 18 20 5 24 11 25 6 8 21 7 3 14 13 1 2 10 19 4 ];
[ 14 23 2 20 11 25 6 19 9 12 7 4 13 22 18 1 8 10 15 24 5 17 3 16 21 ];
[ 25 18 19 13 5 21 7 14 16 8 10 3 9 1 2 4 6 20 17 11 15 24 12 23 22 ];
[ 21 24 4 8 1 10 2 22 13 3 12 14 17 15 5 19 18 25 23 16 9 7 20 6 11 ];
[ 7 15 10 6 3 24 1 17 4 11 23 16 21 20 19 9 2 12 22 5 18 14 8 13 25 ];
[ 6 4 7 16 23 8 13 24 18 25 20 17 22 3 9 2 21 15 19 12 11 10 1 14 5 ];
[ 24 19 11 2 20 3 14 7 23 1 5 13 10 4 6 25 16 22 18 17 12 21 15 9 8 ];
[ 22 13 8 1 12 5 17 20 19 10 15 23 24 21 25 14 11 9 4 6 16 18 7 2 3 ];
[ 3 21 5 17 18 9 4 12 15 16 8 2 19 11 14 20 10 13 7 1 25 23 24 22 6 ];
[ 15 25 9 10 14 11 22 2 21 6 18 1 7 12 16 23 24 5 3 8 4 20 19 17 13 ]
]
solveTime = 55.32983994483948
isOptimal = true
