t = [
[ 24 17 23 21 2 10 8 5 22 20 3 1 14 25 11 15 6 13 9 7 19 12 18 16 4 ];
[ 12 19 9 1 22 17 4 16 6 13 2 20 18 21 23 8 10 11 3 24 14 7 5 15 25 ];
[ 15 6 7 20 25 11 1 18 14 24 22 5 8 19 17 16 21 23 4 12 13 3 9 2 10 ];
[ 18 8 3 13 16 19 7 25 2 15 10 24 4 9 12 5 14 1 20 22 17 11 21 23 6 ];
[ 5 10 14 11 4 12 23 9 21 3 7 13 16 6 15 19 25 17 18 2 1 22 8 20 24 ];
[ 8 25 13 6 9 3 18 4 11 22 23 19 17 20 21 12 2 10 14 16 7 15 24 1 5 ];
[ 4 24 16 2 12 1 13 15 9 14 5 6 10 18 7 25 23 8 21 20 22 19 3 17 11 ];
[ 10 15 22 18 23 5 24 7 17 21 14 16 12 13 1 11 3 4 19 9 6 25 20 8 2 ];
[ 14 20 21 17 1 8 25 19 16 23 15 3 11 24 2 22 13 7 6 5 9 10 4 12 18 ];
[ 7 5 19 3 11 2 6 20 10 12 4 9 25 8 22 24 18 15 17 1 23 21 13 14 16 ];
[ 16 9 1 19 7 15 20 22 25 10 11 18 23 4 5 3 24 12 8 13 21 2 17 6 14 ];
[ 22 21 24 25 8 13 2 23 4 11 6 10 19 16 3 7 5 14 15 17 12 20 1 18 9 ];
[ 6 11 17 15 5 18 3 12 19 16 9 21 20 14 8 1 4 2 25 10 24 23 7 13 22 ];
[ 13 23 2 14 20 7 9 17 1 6 25 12 22 15 24 21 19 18 16 11 3 4 10 5 8 ];
[ 3 12 4 10 18 24 14 21 8 5 1 17 7 2 13 6 20 9 22 23 11 16 19 25 15 ];
[ 17 2 6 24 3 22 15 10 13 9 18 23 5 11 14 4 16 21 12 8 20 1 25 7 19 ];
[ 19 13 20 7 14 4 11 1 5 8 24 25 21 12 16 18 22 3 2 15 10 6 23 9 17 ];
[ 23 18 8 12 10 16 21 14 20 7 19 15 6 17 9 13 11 24 1 25 4 5 2 22 3 ];
[ 9 1 11 4 15 25 12 24 23 19 8 22 2 3 10 20 17 5 7 6 16 18 14 21 13 ];
[ 25 16 5 22 21 6 17 3 18 2 20 7 13 1 4 23 9 19 10 14 8 24 15 11 12 ];
[ 21 14 12 16 13 9 19 6 24 4 17 11 1 5 20 10 15 25 23 18 2 8 22 3 7 ];
[ 20 4 25 8 6 23 10 11 3 17 13 2 15 22 19 9 7 16 5 21 18 14 12 24 1 ];
[ 2 22 10 23 24 21 16 8 15 18 12 14 3 7 25 17 1 6 13 19 5 9 11 4 20 ];
[ 1 7 18 9 17 20 5 2 12 25 21 4 24 10 6 14 8 22 11 3 15 13 16 19 23 ];
[ 11 3 15 5 19 14 22 13 7 1 16 8 9 23 18 2 12 20 24 4 25 17 6 10 21 ]
]
solveTime = 22.098774909973145
isOptimal = true
