t = [
[ 11 10 15 2 4 14 3 5 13 6 16 7 8 9 12 1 ];
[ 4 16 3 7 11 12 9 6 14 1 8 10 5 13 2 15 ];
[ 9 5 14 8 7 10 1 13 2 15 4 12 3 6 11 16 ];
[ 6 13 1 12 2 15 8 16 11 9 5 3 7 10 14 4 ];
[ 2 3 13 1 14 11 16 8 9 7 12 4 10 5 15 6 ];
[ 16 9 7 15 1 5 13 3 10 11 6 2 14 4 8 12 ];
[ 10 6 5 4 12 2 7 9 8 14 1 15 13 16 3 11 ];
[ 8 14 12 11 15 6 4 10 16 5 3 13 2 1 7 9 ];
[ 14 7 9 10 6 8 15 1 4 3 2 16 11 12 13 5 ];
[ 5 4 11 16 3 7 12 2 1 10 13 9 15 14 6 8 ];
[ 13 12 2 6 16 4 5 11 15 8 7 14 9 3 1 10 ];
[ 15 1 8 3 13 9 10 14 5 12 11 6 16 7 4 2 ];
[ 12 15 10 9 8 16 2 4 3 13 14 1 6 11 5 7 ];
[ 7 8 4 14 9 13 11 12 6 16 15 5 1 2 10 3 ];
[ 1 11 16 13 5 3 6 7 12 2 10 8 4 15 9 14 ];
[ 3 2 6 5 10 1 14 15 7 4 9 11 12 8 16 13 ]
]
solveTime = 0.14001917839050293
isOptimal = true
