t = [
[ 18 24 20 13 1 12 10 11 25 15 22 3 23 7 9 6 5 4 21 19 16 2 14 8 17 ];
[ 2 22 25 23 5 20 7 17 14 18 8 6 21 24 4 11 16 9 1 13 15 3 19 12 10 ];
[ 17 12 7 21 11 3 13 4 5 22 20 16 19 10 18 8 25 14 2 15 23 9 6 1 24 ];
[ 15 3 9 8 19 2 21 23 16 6 17 1 14 13 11 7 22 12 24 10 20 5 18 25 4 ];
[ 10 4 16 6 14 8 19 9 24 1 12 15 5 25 2 18 3 23 17 20 11 7 13 22 21 ];
[ 14 23 8 22 16 18 15 10 11 24 2 13 17 6 5 1 20 3 19 25 7 4 12 21 9 ];
[ 11 1 13 3 2 23 6 7 17 16 4 19 18 9 14 21 15 24 5 12 22 10 8 20 25 ];
[ 5 17 6 20 12 19 25 1 13 8 15 21 3 23 7 9 10 18 22 4 2 11 24 14 16 ];
[ 19 9 21 25 15 14 3 2 22 4 24 12 10 11 20 23 8 7 16 6 13 18 1 17 5 ];
[ 24 10 4 18 7 5 12 20 21 9 16 25 8 1 22 2 11 17 13 14 19 6 15 3 23 ];
[ 25 11 2 9 18 6 22 12 23 7 19 4 13 14 21 5 17 10 3 24 8 16 20 15 1 ];
[ 3 15 1 14 24 9 16 5 20 11 10 8 2 22 25 12 13 21 4 23 18 19 17 7 6 ];
[ 21 20 12 17 4 15 1 18 3 10 6 24 7 5 16 22 19 8 11 2 9 13 25 23 14 ];
[ 13 16 22 5 23 21 2 19 8 25 9 20 1 3 17 14 18 15 6 7 4 24 11 10 12 ];
[ 8 6 19 7 10 13 17 24 4 14 11 23 12 18 15 25 1 20 9 16 21 22 5 2 3 ];
[ 9 13 3 12 17 1 20 25 18 2 23 7 22 16 24 4 6 5 15 8 10 14 21 19 11 ];
[ 1 19 15 4 20 11 8 3 7 13 21 14 25 17 10 24 12 16 18 22 5 23 9 6 2 ];
[ 22 25 10 2 8 4 23 21 9 17 18 5 6 15 12 19 7 11 14 3 24 1 16 13 20 ];
[ 23 14 18 24 21 16 5 22 6 19 13 9 11 8 3 10 2 1 20 17 25 12 7 4 15 ];
[ 7 5 11 16 6 24 14 15 10 12 1 2 20 4 19 13 21 25 23 9 3 17 22 18 8 ];
[ 12 7 5 1 25 17 4 16 2 3 14 18 24 20 13 15 23 22 8 11 6 21 10 9 19 ];
[ 20 18 17 10 3 7 24 13 15 23 25 11 4 19 1 16 9 6 12 21 14 8 2 5 22 ];
[ 16 8 23 15 13 22 11 14 19 21 7 17 9 12 6 20 4 2 10 5 1 25 3 24 18 ];
[ 4 2 14 19 9 10 18 6 12 20 5 22 16 21 8 3 24 13 25 1 17 15 23 11 7 ];
[ 6 21 24 11 22 25 9 8 1 5 3 10 15 2 23 17 14 19 7 18 12 20 4 16 13 ]
]
solveTime = 0.2928950786590576
isOptimal = true
