t = [
[ 14 13 8 4 10 9 11 3 7 6 16 12 15 5 1 2 ];
[ 5 11 1 7 2 6 16 14 8 15 13 4 12 9 3 10 ];
[ 3 10 12 6 15 8 5 7 2 14 9 1 11 4 16 13 ];
[ 2 15 9 16 1 12 13 4 3 10 5 11 8 7 14 6 ];
[ 1 16 3 12 6 2 4 10 13 11 14 5 9 15 8 7 ];
[ 11 4 15 5 8 14 9 13 10 16 7 6 3 1 2 12 ];
[ 6 2 7 9 16 3 1 11 4 8 12 15 10 13 5 14 ];
[ 10 14 13 8 7 5 12 15 1 3 2 9 4 11 6 16 ];
[ 7 9 14 2 11 1 6 12 15 13 4 3 5 16 10 8 ];
[ 8 12 5 11 3 15 10 16 14 7 1 2 13 6 4 9 ];
[ 13 1 4 3 5 7 8 2 16 9 6 10 14 12 11 15 ];
[ 15 6 16 10 4 13 14 9 5 12 11 8 2 3 7 1 ];
[ 4 5 10 13 14 11 7 8 9 1 15 16 6 2 12 3 ];
[ 9 3 6 14 13 16 2 5 12 4 10 7 1 8 15 11 ];
[ 16 8 2 1 12 10 15 6 11 5 3 13 7 14 9 4 ];
[ 12 7 11 15 9 4 3 1 6 2 8 14 16 10 13 5 ]
]
solveTime = 0.08491206169128418
isOptimal = true
