t = [
[ 1 4 10 15 14 16 2 11 12 3 5 7 9 13 6 8 ];
[ 11 9 16 6 12 7 10 13 15 4 8 14 5 3 2 1 ];
[ 5 7 2 8 6 4 1 3 13 11 9 10 15 16 14 12 ];
[ 12 14 13 3 5 9 8 15 1 6 2 16 7 11 10 4 ];
[ 9 15 7 1 4 13 5 16 10 12 3 2 6 8 11 14 ];
[ 16 12 14 10 1 8 7 2 11 5 15 6 4 9 13 3 ];
[ 8 2 3 5 9 6 11 10 16 13 14 4 1 12 7 15 ];
[ 6 13 4 11 3 15 14 12 8 7 1 9 2 5 16 10 ];
[ 10 3 5 2 11 1 13 4 6 15 16 8 12 14 9 7 ];
[ 13 6 8 16 7 3 15 14 9 1 12 11 10 4 5 2 ];
[ 7 1 15 9 16 2 12 8 14 10 4 5 13 6 3 11 ];
[ 4 11 12 14 10 5 9 6 3 2 7 13 8 15 1 16 ];
[ 2 16 1 4 8 14 3 7 5 9 13 12 11 10 15 6 ];
[ 15 8 9 7 2 11 6 5 4 16 10 3 14 1 12 13 ];
[ 14 5 11 12 13 10 16 1 2 8 6 15 3 7 4 9 ];
[ 3 10 6 13 15 12 4 9 7 14 11 1 16 2 8 5 ]
]
solveTime = 0.05751514434814453
isOptimal = true
