t = [
[ 10 12 7 16 6 24 23 15 9 5 25 17 13 21 3 22 20 1 11 8 18 2 14 19 4 ];
[ 17 22 1 11 24 10 7 14 18 21 16 2 23 8 20 9 19 13 4 15 25 3 12 5 6 ];
[ 13 2 8 3 14 22 12 17 6 19 9 5 10 4 15 25 21 24 18 23 16 11 7 20 1 ];
[ 5 21 19 9 23 4 20 25 11 3 1 24 18 7 14 2 10 6 16 12 13 22 17 15 8 ];
[ 25 18 4 15 20 8 13 16 2 1 22 6 11 19 12 17 3 14 5 7 21 23 9 10 24 ];
[ 7 14 10 19 12 3 1 4 24 11 13 9 25 17 22 16 6 20 15 5 8 21 23 18 2 ];
[ 6 5 11 1 16 2 18 10 19 17 12 15 8 24 7 21 4 23 22 14 3 25 20 9 13 ];
[ 4 24 9 8 21 7 15 20 23 14 19 3 6 18 11 1 13 25 2 17 22 5 10 12 16 ];
[ 20 15 22 13 3 5 16 21 25 9 14 23 2 10 1 12 24 11 8 18 19 7 6 4 17 ];
[ 18 25 2 23 17 6 8 22 12 13 4 21 20 16 5 10 9 7 19 3 11 15 24 1 14 ];
[ 3 9 6 10 2 13 19 23 15 7 18 1 12 25 8 11 22 4 21 24 5 17 16 14 20 ];
[ 16 11 18 22 13 9 17 24 1 4 15 19 3 20 21 7 14 5 10 2 23 6 8 25 12 ];
[ 14 8 17 24 25 18 21 6 10 16 11 7 5 2 9 23 12 15 13 20 1 4 19 3 22 ];
[ 21 1 20 4 7 14 3 11 5 12 23 22 24 6 16 8 25 9 17 19 10 13 18 2 15 ];
[ 23 19 12 5 15 25 2 8 20 22 10 4 17 14 13 3 16 18 6 1 24 9 21 7 11 ];
[ 12 23 25 21 18 16 24 1 4 15 7 11 14 9 10 20 2 22 3 13 6 8 5 17 19 ];
[ 1 13 5 7 11 23 6 12 3 2 20 8 16 15 25 18 17 19 14 21 4 10 22 24 9 ];
[ 24 3 16 6 19 20 14 18 21 10 2 13 22 5 17 4 15 8 23 9 12 1 25 11 7 ];
[ 22 4 14 20 8 19 9 5 17 25 3 18 21 1 6 24 11 12 7 10 2 16 15 13 23 ];
[ 2 10 15 17 9 11 22 13 7 8 24 12 4 23 19 5 1 16 25 6 14 20 3 21 18 ];
[ 9 7 21 14 5 17 10 19 16 24 6 25 1 13 4 15 23 2 12 22 20 18 11 8 3 ];
[ 19 20 13 2 1 21 11 9 22 18 5 16 15 3 23 14 8 17 24 25 7 12 4 6 10 ];
[ 8 6 24 12 4 15 25 7 14 23 21 10 9 22 2 13 18 3 20 11 17 19 1 16 5 ];
[ 11 17 23 18 10 1 4 3 13 6 8 20 7 12 24 19 5 21 9 16 15 14 2 22 25 ];
[ 15 16 3 25 22 12 5 2 8 20 17 14 19 11 18 6 7 10 1 4 9 24 13 23 21 ]
]
solveTime = 1.8846991062164307
isOptimal = true
