t = [
[ 25 14 24 16 23 21 19 10 11 9 7 17 4 22 6 18 2 1 12 13 20 8 5 3 15 ];
[ 19 3 17 12 21 16 7 20 8 1 10 11 23 9 18 6 15 5 4 25 14 13 22 24 2 ];
[ 15 8 4 18 11 24 12 2 5 3 1 14 25 16 13 7 20 9 22 19 6 17 21 23 10 ];
[ 6 2 22 13 1 17 14 4 23 15 12 21 8 5 20 3 16 11 10 24 18 7 9 19 25 ];
[ 9 20 10 7 5 13 22 6 25 18 19 2 24 15 3 14 21 8 23 17 1 11 4 16 12 ];
[ 22 19 21 14 25 18 20 9 2 13 16 6 3 10 23 17 7 15 5 1 11 12 8 4 24 ];
[ 5 13 7 15 3 10 24 19 4 8 21 18 14 25 9 12 11 23 16 20 22 6 2 17 1 ];
[ 11 10 16 1 12 25 3 17 14 6 15 8 20 4 2 21 19 22 24 18 13 9 23 7 5 ];
[ 2 18 8 20 9 7 15 23 22 11 24 1 17 12 5 10 13 4 6 3 16 14 19 25 21 ];
[ 23 24 6 4 17 1 21 12 16 5 13 22 7 19 11 9 25 2 14 8 3 20 10 15 18 ];
[ 18 16 23 24 2 11 5 25 1 17 3 10 13 7 21 20 4 19 15 9 8 22 12 6 14 ];
[ 20 21 25 17 19 14 13 8 24 22 4 9 2 6 15 1 10 12 7 11 23 18 16 5 3 ];
[ 3 9 12 11 15 2 6 18 7 23 8 20 16 14 19 24 5 21 25 22 10 4 17 1 13 ];
[ 7 4 1 8 13 19 9 21 3 10 22 25 5 18 12 16 23 6 17 14 24 2 15 11 20 ];
[ 10 6 5 22 14 20 4 15 12 16 23 24 1 11 17 8 3 18 13 2 19 21 25 9 7 ];
[ 24 1 18 25 16 8 11 22 20 19 2 23 21 3 14 5 12 13 9 7 17 15 6 10 4 ];
[ 8 23 3 5 4 12 1 7 15 24 25 16 11 13 22 2 17 10 20 6 21 19 18 14 9 ];
[ 12 22 2 21 10 23 18 16 17 14 6 19 9 20 7 4 1 25 11 15 5 3 24 13 8 ];
[ 17 15 14 19 20 9 25 13 6 21 5 4 18 8 10 23 22 24 3 16 12 1 7 2 11 ];
[ 13 11 9 6 7 5 2 3 10 4 17 12 15 24 1 19 18 14 8 21 25 23 20 22 16 ];
[ 21 25 19 23 24 6 8 1 18 20 11 7 10 17 16 15 14 3 2 4 9 5 13 12 22 ];
[ 16 5 20 2 22 4 23 24 9 7 14 3 19 21 25 13 8 17 1 12 15 10 11 18 6 ];
[ 4 7 15 3 6 22 17 14 13 25 18 5 12 23 24 11 9 20 21 10 2 16 1 8 19 ];
[ 1 17 13 10 18 3 16 11 21 12 9 15 22 2 8 25 6 7 19 5 4 24 14 20 23 ];
[ 14 12 11 9 8 15 10 5 19 2 20 13 6 1 4 22 24 16 18 23 7 25 3 21 17 ]
]
solveTime = 50.963683128356934
isOptimal = true
