t = [
[ 7 11 16 2 5 9 6 4 3 13 12 1 10 8 14 15 ];
[ 5 10 8 13 12 1 7 15 14 11 16 9 4 3 6 2 ];
[ 3 12 6 1 11 10 2 14 8 5 15 4 9 7 16 13 ];
[ 9 14 15 4 8 3 16 13 10 2 7 6 1 12 5 11 ];
[ 1 16 12 7 15 13 14 3 5 4 8 10 2 9 11 6 ];
[ 14 6 13 11 2 5 10 9 1 7 3 16 12 15 8 4 ];
[ 10 5 4 9 6 8 11 7 12 15 2 14 16 13 1 3 ];
[ 2 15 3 8 1 16 4 12 11 6 9 13 14 10 7 5 ];
[ 16 1 9 10 14 6 3 5 2 12 4 7 15 11 13 8 ];
[ 8 7 14 5 9 4 1 11 16 3 13 15 6 2 12 10 ];
[ 15 4 2 6 13 7 12 8 9 1 10 11 5 16 3 14 ];
[ 12 13 11 3 16 2 15 10 6 8 14 5 7 1 4 9 ];
[ 6 3 10 12 4 11 9 1 13 16 5 2 8 14 15 7 ];
[ 4 8 1 14 3 15 5 2 7 10 11 12 13 6 9 16 ];
[ 11 9 7 15 10 12 13 16 4 14 6 8 3 5 2 1 ];
[ 13 2 5 16 7 14 8 6 15 9 1 3 11 4 10 12 ]
]
solveTime = 0.046948909759521484
isOptimal = true
