t = [
[ 13 6 9 15 10 16 14 3 12 11 8 4 7 2 1 5 ];
[ 4 11 1 7 6 8 12 2 16 9 14 5 3 15 10 13 ];
[ 10 14 8 5 4 13 15 7 6 1 3 2 16 11 9 12 ];
[ 2 12 3 16 1 11 9 5 15 10 13 7 8 6 4 14 ];
[ 12 1 11 8 13 14 7 10 3 16 4 6 2 9 5 15 ];
[ 9 13 7 2 11 15 3 4 8 12 5 14 10 16 6 1 ];
[ 16 15 14 4 8 5 6 1 2 13 9 10 11 7 12 3 ];
[ 3 5 6 10 12 9 2 16 11 7 15 1 13 8 14 4 ];
[ 7 3 5 9 16 6 1 11 4 8 10 15 14 12 13 2 ];
[ 11 10 16 6 5 12 4 14 7 2 1 13 15 3 8 9 ];
[ 8 2 12 1 15 7 13 9 5 14 16 3 4 10 11 6 ];
[ 14 4 15 13 2 3 10 8 9 6 12 11 1 5 16 7 ];
[ 15 8 2 14 3 1 16 6 13 5 11 12 9 4 7 10 ];
[ 6 16 10 12 7 4 8 13 1 15 2 9 5 14 3 11 ];
[ 1 9 4 11 14 2 5 12 10 3 7 16 6 13 15 8 ];
[ 5 7 13 3 9 10 11 15 14 4 6 8 12 1 2 16 ]
]
solveTime = 0.0473780632019043
isOptimal = true
