t = [
[ 7 6 1 10 16 14 12 3 15 5 2 11 8 4 13 9 ];
[ 13 3 8 14 15 5 1 11 9 10 6 4 16 2 12 7 ];
[ 15 2 12 11 13 4 8 9 16 1 7 3 6 10 5 14 ];
[ 4 5 9 16 2 10 7 6 13 14 12 8 1 15 3 11 ];
[ 9 11 10 15 6 8 4 2 12 7 3 16 5 13 14 1 ];
[ 2 14 6 7 1 3 5 13 8 15 4 9 12 11 16 10 ];
[ 3 1 4 12 14 11 16 7 10 6 5 13 2 8 9 15 ];
[ 16 8 5 13 9 12 15 10 14 2 11 1 3 6 7 4 ];
[ 12 15 14 9 8 13 6 4 2 11 16 7 10 3 1 5 ];
[ 10 16 13 6 3 15 2 5 4 9 1 14 11 7 8 12 ];
[ 5 4 2 1 11 7 14 12 6 3 8 10 9 16 15 13 ];
[ 11 7 3 8 10 1 9 16 5 12 13 15 4 14 2 6 ];
[ 6 13 16 5 7 2 11 14 1 8 10 12 15 9 4 3 ];
[ 14 12 7 2 5 16 10 15 3 4 9 6 13 1 11 8 ];
[ 8 10 15 3 4 9 13 1 11 16 14 5 7 12 6 2 ];
[ 1 9 11 4 12 6 3 8 7 13 15 2 14 5 10 16 ]
]
solveTime = 0.13489913940429688
isOptimal = true
