t = [
[ 9 10 23 17 19 4 25 16 12 20 6 18 7 22 8 2 11 14 24 15 5 3 13 21 1 ];
[ 20 11 24 7 6 9 3 17 5 14 15 25 1 2 13 8 22 18 10 21 4 19 12 16 23 ];
[ 5 21 15 22 4 23 2 19 18 24 14 10 11 3 9 12 16 7 1 13 17 20 6 25 8 ];
[ 2 13 14 12 16 8 7 6 22 1 4 19 24 21 5 25 20 17 23 3 15 11 10 9 18 ];
[ 3 18 25 8 1 11 10 13 15 21 12 20 16 23 17 9 19 4 5 6 24 22 7 2 14 ];
[ 25 12 22 6 23 24 18 2 16 5 3 13 21 9 1 20 15 11 17 7 8 4 19 14 10 ];
[ 1 5 18 16 7 21 17 20 6 8 19 14 12 24 2 13 3 10 25 4 22 23 9 15 11 ];
[ 24 19 13 15 21 7 12 23 11 10 17 4 20 25 22 14 1 8 9 18 2 16 3 5 6 ];
[ 11 8 3 9 17 25 14 15 4 19 23 7 5 18 10 16 2 22 6 12 21 13 1 20 24 ];
[ 10 4 2 20 14 3 13 22 1 9 16 8 15 6 11 21 23 24 19 5 18 17 25 7 12 ];
[ 17 23 9 2 11 15 16 10 19 12 22 6 25 7 18 24 8 21 4 14 1 5 20 13 3 ];
[ 6 25 5 13 24 20 8 21 23 17 1 9 10 4 3 19 18 15 7 2 11 14 16 12 22 ];
[ 14 20 8 10 22 18 6 24 9 13 21 15 17 16 12 1 5 3 11 23 25 7 4 19 2 ];
[ 16 15 1 3 18 2 22 5 7 4 11 23 19 14 24 17 12 20 13 25 6 10 21 8 9 ];
[ 21 7 4 19 12 14 1 11 25 3 2 5 8 13 20 6 9 16 22 10 23 15 24 18 17 ];
[ 13 1 19 21 3 12 4 14 24 7 5 16 6 20 23 11 25 9 2 8 10 18 17 22 15 ];
[ 22 6 10 4 8 19 9 25 2 16 24 17 18 11 15 23 21 5 12 20 7 1 14 3 13 ];
[ 18 16 7 25 2 5 23 8 10 22 9 3 13 12 21 15 4 1 14 17 19 24 11 6 20 ];
[ 23 24 11 14 9 17 15 3 20 6 10 1 2 8 7 22 13 19 18 16 12 25 5 4 21 ];
[ 12 17 20 5 15 1 21 18 13 11 25 22 14 19 4 7 10 6 3 24 9 2 8 23 16 ];
[ 15 22 12 23 20 6 5 4 3 25 13 24 9 17 19 10 14 2 21 1 16 8 18 11 7 ];
[ 4 3 6 24 10 22 19 12 8 18 20 11 23 1 16 5 7 13 15 9 14 21 2 17 25 ];
[ 19 14 21 11 13 10 24 7 17 2 8 12 3 5 25 18 6 23 16 22 20 9 15 1 4 ];
[ 8 9 17 18 25 16 11 1 21 23 7 2 4 15 14 3 24 12 20 19 13 6 22 10 5 ];
[ 7 2 16 1 5 13 20 9 14 15 18 21 22 10 6 4 17 25 8 11 3 12 23 24 19 ]
]
solveTime = 112.47973108291626
isOptimal = true
