t = [
[ 2 6 11 8 5 14 12 9 3 13 7 15 4 10 1 16 ];
[ 15 12 7 1 16 4 13 3 5 9 10 14 6 11 8 2 ];
[ 3 14 16 10 15 1 2 7 8 4 11 6 9 5 12 13 ];
[ 9 4 5 13 10 8 6 11 1 2 16 12 3 7 14 15 ];
[ 16 9 15 6 13 12 4 5 11 14 3 10 1 8 2 7 ];
[ 12 5 1 14 6 7 11 8 2 15 4 9 10 16 13 3 ];
[ 7 10 2 3 9 16 14 1 12 6 13 8 15 4 11 5 ];
[ 13 8 4 11 2 10 3 15 16 7 5 1 14 12 9 6 ];
[ 8 1 3 2 12 9 7 16 14 10 6 11 13 15 5 4 ];
[ 5 11 14 7 4 15 1 6 9 16 8 13 12 2 3 10 ];
[ 6 16 9 15 14 3 10 13 4 5 12 2 11 1 7 8 ];
[ 4 13 10 12 8 11 5 2 15 3 1 7 16 9 6 14 ];
[ 11 15 13 16 7 6 9 12 10 8 14 5 2 3 4 1 ];
[ 1 7 6 5 3 2 15 4 13 12 9 16 8 14 10 11 ];
[ 14 2 12 4 11 5 8 10 6 1 15 3 7 13 16 9 ];
[ 10 3 8 9 1 13 16 14 7 11 2 4 5 6 15 12 ]
]
solveTime = 0.13887786865234375
isOptimal = true
