t = [
[ 24 15 7 9 18 4 17 22 23 13 6 20 25 11 16 19 5 12 14 3 10 2 21 1 8 ];
[ 23 14 10 2 5 1 18 25 12 15 19 13 4 21 3 20 16 17 8 11 9 6 22 24 7 ];
[ 17 1 8 4 12 10 9 20 21 11 18 5 15 2 22 7 24 23 6 13 3 19 16 14 25 ];
[ 19 6 20 21 13 8 16 3 14 7 23 24 12 1 9 10 22 2 25 15 11 5 18 4 17 ];
[ 11 22 25 16 3 5 24 6 2 19 8 14 17 7 10 21 1 18 9 4 13 15 20 23 12 ];
[ 13 19 16 1 20 18 25 7 24 8 3 4 14 9 11 6 21 22 10 12 17 23 15 2 5 ];
[ 15 7 11 18 22 20 21 2 4 17 12 10 5 19 8 24 25 3 23 16 1 13 9 6 14 ];
[ 25 23 12 10 9 3 5 11 1 6 13 22 24 16 18 14 7 15 2 17 4 20 19 8 21 ];
[ 3 5 4 24 2 23 22 9 16 14 17 21 6 25 15 8 13 19 1 20 7 10 11 12 18 ];
[ 6 8 14 17 21 19 15 10 13 12 7 23 1 20 2 5 18 4 11 9 24 3 25 22 16 ];
[ 12 9 5 13 16 11 1 8 18 21 14 15 7 4 24 17 23 6 20 19 2 22 3 25 10 ];
[ 20 21 2 25 11 15 3 13 5 24 16 8 10 6 17 9 4 14 22 18 23 12 7 19 1 ];
[ 14 24 18 19 8 6 12 4 17 9 2 1 21 22 23 16 3 10 7 25 15 11 5 13 20 ];
[ 1 10 22 15 6 14 23 16 7 25 20 19 11 3 13 2 12 5 21 24 8 17 4 18 9 ];
[ 4 3 17 23 7 2 10 19 22 20 25 18 9 5 12 11 15 1 13 8 16 24 14 21 6 ];
[ 2 13 3 22 10 9 19 5 8 18 24 11 20 17 4 25 14 7 16 6 21 1 12 15 23 ];
[ 7 11 1 8 4 16 13 24 10 22 21 25 19 15 6 12 17 20 18 23 14 9 2 5 3 ];
[ 18 17 6 14 15 25 4 21 11 3 10 12 2 23 7 1 9 24 5 22 19 16 8 20 13 ];
[ 9 12 19 20 25 7 14 23 15 2 1 16 22 13 5 4 8 21 3 10 6 18 24 17 11 ];
[ 21 16 23 5 24 12 20 17 6 1 9 3 18 8 14 13 19 11 15 2 25 4 10 7 22 ];
[ 22 2 13 12 17 21 7 14 20 4 15 9 23 10 1 3 11 8 24 5 18 25 6 16 19 ];
[ 16 18 9 7 23 22 11 12 3 5 4 17 13 24 21 15 6 25 19 14 20 8 1 10 2 ];
[ 5 20 24 3 14 13 8 1 19 10 22 6 16 18 25 23 2 9 4 7 12 21 17 11 15 ];
[ 10 25 15 6 1 24 2 18 9 16 11 7 8 12 19 22 20 13 17 21 5 14 23 3 4 ];
[ 8 4 21 11 19 17 6 15 25 23 5 2 3 14 20 18 10 16 12 1 22 7 13 9 24 ]
]
solveTime = 2.044901132583618
isOptimal = true
