t = [
[ 10 8 22 17 25 20 3 7 21 23 16 24 6 2 4 13 1 19 11 18 12 5 9 15 14 ];
[ 19 11 3 15 16 12 24 9 6 5 14 13 23 20 17 4 8 7 10 21 22 2 1 18 25 ];
[ 14 5 6 23 1 8 18 19 17 16 25 22 10 12 11 20 15 24 2 9 21 3 7 4 13 ];
[ 21 7 13 12 2 4 1 25 14 15 9 5 18 8 19 3 16 22 17 6 24 10 20 11 23 ];
[ 4 9 18 24 20 2 10 13 22 11 1 15 3 7 21 12 14 5 23 25 19 16 8 17 6 ];
[ 1 24 8 16 14 17 22 2 11 10 20 6 21 25 12 9 19 15 18 23 3 7 5 13 4 ];
[ 13 4 19 2 3 21 5 15 7 6 17 23 14 9 8 16 10 1 22 24 18 12 11 25 20 ];
[ 12 10 17 20 22 13 19 23 4 9 11 2 15 18 1 6 7 25 3 5 8 21 16 14 24 ];
[ 25 23 21 7 5 18 16 14 3 20 22 4 19 24 10 17 11 13 8 12 6 9 15 1 2 ];
[ 18 6 11 9 15 25 12 8 1 24 3 7 13 16 5 21 2 14 20 4 10 17 19 23 22 ];
[ 22 2 23 11 21 15 13 16 18 14 5 3 7 10 9 25 17 20 19 1 4 6 12 24 8 ];
[ 9 15 7 14 19 6 21 12 20 3 18 25 2 13 22 10 4 8 24 11 17 1 23 16 5 ];
[ 5 12 20 6 4 7 8 1 10 25 23 19 11 17 24 22 3 18 13 16 14 15 2 21 9 ];
[ 16 18 24 10 8 22 4 17 23 2 12 20 1 15 6 14 21 9 5 7 25 19 13 3 11 ];
[ 3 17 25 1 13 5 11 24 9 19 21 8 4 14 16 23 6 12 15 2 7 18 22 20 10 ];
[ 6 16 2 22 9 11 20 18 13 7 10 21 24 19 23 1 25 3 4 8 5 14 17 12 15 ];
[ 11 3 14 5 7 16 15 22 2 12 8 1 25 4 18 24 13 10 9 17 23 20 6 19 21 ];
[ 20 21 1 18 10 19 9 6 8 4 15 17 16 5 13 7 12 23 14 22 11 24 25 2 3 ];
[ 17 19 4 8 24 3 23 5 25 21 7 14 12 22 2 11 20 16 6 15 1 13 10 9 18 ];
[ 23 13 15 25 12 14 17 10 24 1 6 11 9 3 20 18 5 2 21 19 16 8 4 22 7 ];
[ 8 1 10 19 11 9 25 21 12 17 13 18 22 6 3 15 24 4 7 20 2 23 14 5 16 ];
[ 24 22 5 13 6 1 14 4 15 8 19 10 20 23 25 2 18 17 16 3 9 11 21 7 12 ];
[ 7 25 16 21 23 24 6 20 19 18 2 9 8 1 15 5 22 11 12 14 13 4 3 10 17 ];
[ 15 14 12 3 18 23 2 11 5 13 4 16 17 21 7 19 9 6 25 10 20 22 24 8 1 ];
[ 2 20 9 4 17 10 7 3 16 22 24 12 5 11 14 8 23 21 1 13 15 25 18 6 19 ]
]
solveTime = 1.8402860164642334
isOptimal = true
