t = [
[ 3 11 1 14 15 13 12 8 2 10 7 6 4 5 9 16 ];
[ 7 13 15 4 11 16 6 1 3 5 14 9 8 10 2 12 ];
[ 2 9 12 10 14 3 7 5 4 8 15 16 1 11 6 13 ];
[ 8 16 5 6 2 9 10 4 12 1 11 13 14 15 3 7 ];
[ 11 1 16 12 4 8 15 13 6 7 3 5 2 9 14 10 ];
[ 9 2 13 8 7 1 14 6 15 11 4 10 12 3 16 5 ];
[ 10 15 14 5 16 11 3 9 8 12 1 2 13 7 4 6 ];
[ 6 7 4 3 12 5 2 10 16 9 13 14 11 8 15 1 ];
[ 4 12 8 16 1 6 11 2 9 13 5 7 15 14 10 3 ];
[ 15 6 11 13 10 12 16 7 14 3 2 4 9 1 5 8 ];
[ 1 14 3 7 5 4 9 15 11 16 10 8 6 13 12 2 ];
[ 5 10 9 2 8 14 13 3 1 15 6 12 16 4 7 11 ];
[ 12 3 6 11 13 7 1 16 10 14 9 15 5 2 8 4 ];
[ 14 8 7 9 6 10 4 11 5 2 16 1 3 12 13 15 ];
[ 13 4 2 1 9 15 5 12 7 6 8 3 10 16 11 14 ];
[ 16 5 10 15 3 2 8 14 13 4 12 11 7 6 1 9 ]
]
solveTime = 0.1337890625
isOptimal = true
