t = [
[ 14 9 12 2 3 13 11 16 6 1 10 7 5 4 15 8 ];
[ 16 3 11 5 2 4 6 15 13 8 12 14 9 7 10 1 ];
[ 10 1 8 4 5 7 14 12 9 16 15 11 13 3 2 6 ];
[ 13 7 6 15 10 9 1 8 3 5 2 4 12 11 14 16 ];
[ 2 11 1 7 13 14 8 5 12 3 6 15 10 9 16 4 ];
[ 3 5 14 6 16 2 12 4 1 7 9 10 15 8 13 11 ];
[ 9 4 10 16 6 15 3 7 8 11 13 5 14 1 12 2 ];
[ 12 8 15 13 11 1 10 9 14 4 16 2 7 5 6 3 ];
[ 7 10 13 1 4 8 15 2 5 6 14 16 3 12 11 9 ];
[ 4 2 5 9 1 3 16 14 15 12 11 8 6 13 7 10 ];
[ 6 12 16 11 7 5 9 10 2 13 1 3 8 15 4 14 ];
[ 8 15 3 14 12 6 13 11 7 10 4 9 2 16 1 5 ];
[ 15 14 4 3 8 10 7 1 11 2 5 13 16 6 9 12 ];
[ 11 16 2 8 15 12 4 13 10 9 3 6 1 14 5 7 ];
[ 5 13 7 12 9 16 2 6 4 14 8 1 11 10 3 15 ];
[ 1 6 9 10 14 11 5 3 16 15 7 12 4 2 8 13 ]
]
solveTime = 0.09370088577270508
isOptimal = true
