t = [
[ 9 2 3 10 16 4 5 13 7 15 8 12 14 1 11 6 ];
[ 5 16 15 6 8 10 1 9 11 2 14 4 12 13 7 3 ];
[ 13 8 14 12 15 3 11 7 10 16 6 1 4 2 5 9 ];
[ 4 1 11 7 14 12 6 2 5 3 13 9 15 8 10 16 ];
[ 11 6 7 14 13 8 15 1 9 4 12 10 5 3 16 2 ];
[ 16 3 1 2 9 14 10 12 6 11 5 7 8 4 15 13 ];
[ 15 4 8 5 11 7 3 16 13 1 2 14 6 10 9 12 ];
[ 12 13 10 9 4 6 2 5 3 8 16 15 11 14 1 7 ];
[ 10 14 4 11 5 9 13 6 12 7 1 3 16 15 2 8 ];
[ 7 15 16 13 1 2 14 3 8 5 4 6 9 11 12 10 ];
[ 2 9 6 1 7 16 12 8 15 13 10 11 3 5 14 4 ];
[ 3 12 5 8 10 15 4 11 2 14 9 16 7 6 13 1 ];
[ 6 7 13 16 3 5 8 10 14 9 15 2 1 12 4 11 ];
[ 1 10 9 3 6 13 7 15 4 12 11 5 2 16 8 14 ];
[ 14 11 12 15 2 1 9 4 16 10 3 8 13 7 6 5 ];
[ 8 5 2 4 12 11 16 14 1 6 7 13 10 9 3 15 ]
]
solveTime = 0.0600590705871582
isOptimal = true
