t = [
[ 14 22 2 10 9 4 18 13 21 12 3 16 1 5 11 25 19 6 20 8 15 24 17 7 23 ];
[ 5 18 15 11 24 7 1 25 22 8 14 2 9 23 6 17 12 3 10 16 20 21 19 4 13 ];
[ 1 12 25 8 13 23 17 9 14 11 21 19 24 10 20 4 2 15 7 5 22 16 3 18 6 ];
[ 17 6 16 7 23 19 3 10 20 5 8 18 4 15 22 9 13 14 21 24 12 1 25 11 2 ];
[ 3 21 20 4 19 16 2 15 24 6 7 12 25 17 13 11 22 18 23 1 5 14 10 9 8 ];
[ 13 17 21 9 12 18 14 3 7 4 19 23 2 25 1 22 8 10 24 20 11 6 16 15 5 ];
[ 25 5 19 6 7 2 10 16 11 20 18 24 22 14 15 23 21 9 13 3 1 8 4 17 12 ];
[ 2 11 10 1 16 21 13 8 15 24 5 20 6 4 12 14 18 17 19 25 9 23 7 22 3 ];
[ 18 15 23 22 8 25 9 12 1 17 16 21 10 11 3 6 5 7 2 4 13 20 14 19 24 ];
[ 24 4 3 14 20 22 19 5 6 23 13 17 7 9 8 16 15 1 11 12 2 25 21 10 18 ];
[ 23 16 6 13 4 9 21 17 8 25 12 15 20 1 10 2 3 24 5 19 7 22 18 14 11 ];
[ 10 19 24 5 11 13 15 4 16 2 23 6 14 21 18 7 1 22 17 9 8 3 12 25 20 ];
[ 7 3 17 15 2 10 11 14 12 22 25 8 19 24 9 18 16 20 4 23 21 13 6 5 1 ];
[ 8 20 12 18 14 5 7 24 23 1 22 11 3 13 17 10 25 21 15 6 19 2 9 16 4 ];
[ 21 9 22 25 1 3 20 6 19 18 2 4 16 7 5 13 11 8 12 14 24 10 15 23 17 ];
[ 6 2 4 21 17 8 12 7 25 15 11 22 5 20 14 24 10 19 1 18 3 9 23 13 16 ];
[ 11 8 9 19 22 6 23 2 4 3 1 10 21 18 24 5 17 25 16 13 14 15 20 12 7 ];
[ 16 7 1 3 18 11 5 19 10 9 6 13 12 8 23 20 14 4 22 15 25 17 24 2 21 ];
[ 12 23 5 24 10 17 16 20 13 14 4 25 15 19 7 3 6 2 9 21 18 11 8 1 22 ];
[ 15 14 13 20 25 1 24 22 18 21 9 3 17 2 16 12 23 11 8 7 10 4 5 6 19 ];
[ 4 10 11 16 6 24 22 23 3 19 20 14 8 12 25 15 7 13 18 2 17 5 1 21 9 ];
[ 20 25 7 12 15 14 8 21 2 16 17 9 11 6 19 1 4 5 3 22 23 18 13 24 10 ];
[ 19 24 18 17 3 20 25 11 5 7 15 1 13 22 4 21 9 23 6 10 16 12 2 8 14 ];
[ 22 1 14 2 5 12 6 18 9 13 10 7 23 3 21 8 24 16 25 17 4 19 11 20 15 ];
[ 9 13 8 23 21 15 4 1 17 10 24 5 18 16 2 19 20 12 14 11 6 7 22 3 25 ]
]
solveTime = 13.77560305595398
isOptimal = true
