t = [
[ 13 19 25 22 7 21 12 1 23 24 18 11 15 4 10 9 20 8 16 2 5 6 3 17 14 ];
[ 11 1 15 23 8 19 9 10 7 14 3 21 20 16 2 5 22 17 6 25 12 24 18 4 13 ];
[ 17 24 21 2 4 22 11 18 8 20 7 6 14 5 9 15 13 12 1 3 23 25 19 10 16 ];
[ 14 20 5 16 12 13 15 25 3 6 23 19 8 17 22 4 24 10 11 18 21 7 2 1 9 ];
[ 3 10 18 9 6 16 4 17 5 2 13 25 24 1 12 21 19 14 7 23 20 22 15 11 8 ];
[ 18 7 20 25 11 10 3 12 16 9 5 1 23 24 21 19 8 13 14 4 6 15 17 2 22 ];
[ 21 22 2 1 17 6 19 20 25 15 16 13 4 14 8 23 10 7 3 24 18 9 5 12 11 ];
[ 24 15 23 19 3 11 2 14 18 4 20 9 7 12 25 6 17 22 5 1 13 16 21 8 10 ];
[ 6 4 14 8 13 5 21 23 22 7 2 18 17 10 11 16 9 20 12 15 19 3 24 25 1 ];
[ 16 12 9 10 5 17 13 8 24 1 15 22 6 3 19 25 21 2 18 11 7 14 4 23 20 ];
[ 20 17 6 15 2 12 23 3 1 21 14 4 16 7 13 10 5 19 22 8 25 11 9 24 18 ];
[ 25 5 22 13 24 18 7 15 2 19 8 10 11 9 20 1 12 3 23 17 16 21 14 6 4 ];
[ 10 14 4 21 9 8 5 22 6 17 25 24 3 23 1 20 18 11 13 16 2 19 7 15 12 ];
[ 19 8 11 18 23 25 14 16 4 13 22 12 21 2 5 24 7 6 15 9 1 10 20 3 17 ];
[ 12 3 1 7 16 20 24 9 10 11 6 17 19 18 15 14 25 4 2 21 8 23 22 13 5 ];
[ 4 21 19 24 22 23 20 5 14 25 11 7 1 8 6 13 2 18 10 12 15 17 16 9 3 ];
[ 2 13 17 5 25 1 6 7 11 22 21 14 9 19 3 8 16 15 24 20 4 12 10 18 23 ];
[ 8 23 7 14 20 4 16 19 12 3 10 2 22 15 18 17 11 9 25 6 24 13 1 5 21 ];
[ 9 18 12 11 1 15 8 24 13 10 4 16 5 25 17 7 3 23 21 19 22 20 6 14 2 ];
[ 15 6 16 3 10 2 17 21 9 18 24 20 12 13 23 22 1 5 4 14 11 8 25 19 7 ];
[ 22 25 3 17 18 24 10 13 20 12 19 5 2 6 4 11 14 21 8 7 9 1 23 16 15 ];
[ 7 16 10 6 14 3 22 11 15 23 1 8 18 21 24 12 4 25 9 5 17 2 13 20 19 ];
[ 1 9 13 20 21 14 18 2 17 5 12 15 25 11 16 3 23 24 19 22 10 4 8 7 6 ];
[ 23 2 24 12 15 9 1 4 19 8 17 3 13 22 7 18 6 16 20 10 14 5 11 21 25 ];
[ 5 11 8 4 19 7 25 6 21 16 9 23 10 20 14 2 15 1 17 13 3 18 12 22 24 ]
]
solveTime = 7.233854055404663
isOptimal = true
