t = [
[ 7 10 1 5 12 3 13 4 9 6 15 14 2 11 8 16 ];
[ 2 9 4 13 6 11 8 1 3 12 10 16 7 15 5 14 ];
[ 3 6 16 8 15 10 2 14 13 7 5 11 1 12 9 4 ];
[ 14 15 12 11 9 7 16 5 1 4 8 2 13 3 6 10 ];
[ 12 16 7 10 14 5 15 6 8 3 11 1 4 2 13 9 ];
[ 9 5 14 15 13 8 4 11 10 2 16 6 3 1 7 12 ];
[ 11 4 13 1 3 2 10 16 7 9 12 15 6 8 14 5 ];
[ 6 8 2 3 7 12 1 9 4 14 13 5 10 16 11 15 ];
[ 13 12 6 7 1 9 3 8 14 10 2 4 16 5 15 11 ];
[ 10 3 15 9 11 16 7 2 5 13 1 12 8 14 4 6 ];
[ 1 11 5 2 4 6 14 15 16 8 7 9 12 13 10 3 ];
[ 16 14 8 4 10 13 5 12 15 11 6 3 9 7 2 1 ];
[ 4 7 3 12 5 1 9 13 6 15 14 8 11 10 16 2 ];
[ 15 13 10 6 16 14 11 3 2 1 9 7 5 4 12 8 ];
[ 8 1 11 16 2 15 6 10 12 5 4 13 14 9 3 7 ];
[ 5 2 9 14 8 4 12 7 11 16 3 10 15 6 1 13 ]
]
solveTime = 0.056899070739746094
isOptimal = true
