t = [
[ 12 3 9 11 5 2 13 6 8 15 10 7 16 1 4 14 ];
[ 14 16 4 5 3 1 10 7 11 12 6 9 2 15 8 13 ];
[ 8 13 15 10 14 4 9 12 3 1 2 16 6 11 7 5 ];
[ 6 2 1 7 11 15 8 16 14 5 4 13 9 3 12 10 ];
[ 9 12 2 3 1 13 7 14 16 11 8 15 4 10 5 6 ];
[ 16 6 13 8 10 11 15 4 5 2 9 14 3 12 1 7 ];
[ 7 11 5 4 16 8 3 9 1 6 12 10 14 2 13 15 ];
[ 1 14 10 15 12 5 6 2 7 13 3 4 11 9 16 8 ];
[ 15 7 8 1 4 9 16 3 12 10 13 2 5 6 14 11 ];
[ 13 9 12 2 7 6 1 11 15 14 5 3 8 4 10 16 ];
[ 4 10 14 16 2 12 5 8 6 9 7 11 15 13 3 1 ];
[ 11 5 3 6 15 10 14 13 4 16 1 8 12 7 9 2 ];
[ 10 4 6 13 8 14 11 15 9 3 16 1 7 5 2 12 ];
[ 3 1 11 14 9 7 2 5 13 8 15 12 10 16 6 4 ];
[ 5 15 16 12 13 3 4 10 2 7 14 6 1 8 11 9 ];
[ 2 8 7 9 6 16 12 1 10 4 11 5 13 14 15 3 ]
]
solveTime = 0.1359879970550537
isOptimal = true
