t = [
[ 15 1 12 2 4 16 9 10 5 11 7 3 13 6 8 14 ];
[ 5 4 9 14 7 1 2 8 13 15 10 6 16 12 11 3 ];
[ 7 13 6 11 15 14 3 12 16 4 8 2 1 9 5 10 ];
[ 10 16 8 3 13 11 6 5 1 14 12 9 2 15 7 4 ];
[ 9 3 15 6 2 10 1 4 14 12 5 11 7 8 16 13 ];
[ 4 14 7 8 16 5 12 9 6 10 3 13 11 2 1 15 ];
[ 1 10 2 5 11 13 14 6 8 7 16 15 4 3 9 12 ];
[ 11 12 16 13 3 8 15 7 4 2 9 1 14 10 6 5 ];
[ 14 9 11 1 10 6 4 13 3 5 2 8 15 16 12 7 ];
[ 3 8 13 7 9 15 5 2 12 16 1 14 10 11 4 6 ];
[ 16 2 5 4 12 7 11 1 15 13 6 10 8 14 3 9 ];
[ 6 15 10 12 14 3 8 16 11 9 4 7 5 1 13 2 ];
[ 13 5 4 15 8 9 16 11 10 6 14 12 3 7 2 1 ];
[ 8 7 1 16 6 2 10 15 9 3 13 4 12 5 14 11 ];
[ 12 6 14 10 1 4 7 3 2 8 11 5 9 13 15 16 ];
[ 2 11 3 9 5 12 13 14 7 1 15 16 6 4 10 8 ]
]
solveTime = 0.04090404510498047
isOptimal = true
