t = [
[ 10 7 8 11 2 13 1 16 24 17 23 12 9 5 6 19 4 25 3 20 18 15 22 21 14 ];
[ 9 23 13 14 1 5 22 11 6 8 18 19 16 25 10 2 7 12 21 15 3 20 4 24 17 ];
[ 5 15 19 12 25 7 18 21 4 3 13 17 14 20 22 23 16 10 24 6 8 9 2 1 11 ];
[ 24 16 22 17 21 20 19 12 15 23 3 2 4 8 11 14 18 5 1 9 10 7 13 25 6 ];
[ 20 6 18 4 3 2 14 25 9 10 7 1 21 24 15 22 11 8 17 13 19 12 23 16 5 ];
[ 12 19 17 8 23 10 11 6 18 7 2 16 24 21 14 9 15 20 22 25 4 5 3 13 1 ];
[ 3 10 11 22 15 17 13 2 20 14 6 25 18 12 7 4 1 19 5 21 16 8 24 9 23 ];
[ 1 20 9 25 4 19 3 22 16 15 5 8 17 13 23 11 12 24 7 10 6 21 14 2 18 ];
[ 7 5 24 16 6 23 8 1 25 21 9 20 11 4 3 13 2 17 14 18 12 22 19 15 10 ];
[ 18 21 14 2 13 24 5 9 12 4 1 15 10 22 19 3 6 16 23 8 7 17 25 11 20 ];
[ 2 9 1 10 14 18 15 19 11 16 20 5 22 3 17 25 21 7 13 12 24 23 8 6 4 ];
[ 23 18 15 3 8 14 7 4 21 22 10 24 1 9 12 5 19 2 6 16 25 11 17 20 13 ];
[ 13 11 12 5 17 3 20 24 23 1 15 4 25 6 16 10 9 22 8 14 2 18 7 19 21 ];
[ 19 24 7 21 22 6 10 8 17 25 14 13 23 11 2 18 20 4 15 1 9 16 5 3 12 ];
[ 25 4 6 20 16 9 12 5 13 2 21 18 19 7 8 17 24 3 11 23 14 10 1 22 15 ];
[ 16 2 10 7 9 4 17 18 1 12 8 3 15 23 25 20 14 13 19 22 11 6 21 5 24 ];
[ 22 13 21 18 24 15 23 20 8 19 16 9 12 17 5 7 3 6 25 11 1 14 10 4 2 ];
[ 8 3 4 23 20 25 2 7 14 24 19 11 6 1 21 12 10 15 18 5 22 13 9 17 16 ];
[ 14 17 5 19 11 16 6 3 22 9 4 7 13 10 18 21 23 1 2 24 20 25 15 12 8 ];
[ 6 1 25 15 12 11 21 10 5 13 22 14 20 2 24 8 17 9 16 4 23 3 18 7 19 ];
[ 15 12 3 24 10 22 25 23 2 18 17 21 5 19 1 16 8 11 20 7 13 4 6 14 9 ];
[ 17 8 16 1 19 21 9 14 10 11 25 22 7 15 4 6 13 18 12 2 5 24 20 23 3 ];
[ 21 22 20 13 5 1 16 17 3 6 12 10 8 14 9 24 25 23 4 19 15 2 11 18 7 ];
[ 4 25 2 6 18 8 24 15 7 20 11 23 3 16 13 1 5 14 9 17 21 19 12 10 22 ];
[ 11 14 23 9 7 12 4 13 19 5 24 6 2 18 20 15 22 21 10 3 17 1 16 8 25 ]
]
solveTime = 116.14210295677185
isOptimal = true
