t = [
[ 17 8 7 22 12 18 4 10 13 20 21 15 19 11 3 14 25 16 23 24 5 6 2 9 1 ];
[ 16 6 15 10 3 17 5 7 11 25 18 2 1 23 12 9 19 20 13 8 24 4 14 21 22 ];
[ 20 21 11 14 13 15 6 22 19 3 9 10 24 17 7 2 5 12 4 1 16 18 23 25 8 ];
[ 5 4 23 24 1 2 14 9 21 12 20 13 16 25 8 15 18 7 22 6 19 17 10 3 11 ];
[ 18 25 9 19 2 24 23 16 1 8 14 22 5 6 4 21 3 17 11 10 12 15 20 7 13 ];
[ 1 15 16 12 25 20 19 24 5 9 22 23 14 3 13 18 6 11 10 7 21 2 8 4 17 ];
[ 23 2 6 13 24 1 21 8 15 10 16 12 17 5 19 4 22 14 9 25 18 3 11 20 7 ];
[ 9 14 22 17 10 7 18 12 3 23 24 4 20 8 11 16 1 15 2 21 13 19 25 5 6 ];
[ 21 3 18 20 11 16 13 25 2 4 7 6 10 15 1 19 17 5 8 12 23 24 9 22 14 ];
[ 4 19 5 7 8 11 17 6 14 22 2 9 21 18 25 24 23 3 20 13 15 16 1 12 10 ];
[ 2 24 25 8 5 22 1 18 4 7 15 20 6 9 21 11 16 13 12 23 17 10 19 14 3 ];
[ 11 13 4 15 14 5 2 19 9 17 3 16 25 10 23 7 8 18 6 20 22 1 21 24 12 ];
[ 3 23 19 6 16 12 11 20 25 21 5 17 8 22 2 10 4 1 24 14 7 13 18 15 9 ];
[ 22 10 12 21 20 6 15 3 23 24 13 1 7 14 18 17 9 2 5 19 25 11 4 8 16 ];
[ 7 18 17 1 9 10 8 14 16 13 4 11 12 19 24 22 15 21 25 3 2 5 6 23 20 ];
[ 25 12 10 2 22 3 16 1 8 11 23 18 9 4 17 5 13 24 14 15 20 21 7 6 19 ];
[ 14 9 20 18 23 4 25 21 7 2 1 5 3 16 15 6 11 22 19 17 10 8 12 13 24 ];
[ 15 17 24 11 19 23 20 5 12 14 8 25 13 7 6 3 21 10 18 9 1 22 16 2 4 ];
[ 6 16 13 3 7 19 22 17 24 15 10 21 11 12 14 20 2 8 1 4 9 23 5 18 25 ];
[ 8 1 21 5 4 9 10 13 6 18 19 24 2 20 22 23 12 25 7 16 3 14 17 11 15 ];
[ 19 20 14 9 18 21 3 11 17 16 6 7 22 2 10 25 24 4 15 5 8 12 13 1 23 ];
[ 12 22 8 23 6 25 7 2 20 1 17 14 4 24 5 13 10 19 3 18 11 9 15 16 21 ];
[ 13 11 3 16 21 14 12 15 22 6 25 19 18 1 9 8 7 23 17 2 4 20 24 10 5 ];
[ 24 7 2 4 17 8 9 23 10 5 12 3 15 13 16 1 20 6 21 11 14 25 22 19 18 ];
[ 10 5 1 25 15 13 24 4 18 19 11 8 23 21 20 12 14 9 16 22 6 7 3 17 2 ]
]
solveTime = 0.16644001007080078
isOptimal = true
