t = [
[ 3 23 25 21 4 12 22 5 13 20 1 2 14 24 15 8 16 18 9 10 7 11 19 17 6 ];
[ 7 15 19 10 20 1 23 14 24 8 11 6 18 12 21 17 13 4 25 2 9 3 5 22 16 ];
[ 24 16 12 5 14 25 6 7 3 17 9 22 19 8 13 1 21 15 11 20 4 18 10 23 2 ];
[ 13 11 17 6 18 19 10 9 2 16 23 4 3 25 7 5 14 22 12 24 8 21 15 20 1 ];
[ 8 1 22 9 2 11 18 4 21 15 10 5 17 16 20 3 7 19 23 6 12 13 14 25 24 ];
[ 1 3 11 19 6 5 16 17 9 13 2 21 12 7 23 20 15 25 8 22 14 4 24 10 18 ];
[ 16 5 8 4 9 3 14 12 10 18 6 13 25 15 24 23 11 1 17 7 22 20 2 21 19 ];
[ 21 7 15 20 25 23 4 1 6 24 22 3 11 18 10 13 5 14 2 19 17 9 8 16 12 ];
[ 10 18 2 23 24 21 15 22 20 19 17 16 5 14 8 9 12 3 6 4 1 25 7 13 11 ];
[ 14 22 13 17 12 8 2 11 25 7 4 20 9 19 1 24 18 10 21 16 23 15 6 5 3 ];
[ 4 21 18 12 23 13 25 10 11 3 5 8 6 17 2 7 22 24 16 14 19 1 20 9 15 ];
[ 22 19 10 25 1 15 9 24 7 21 13 14 16 20 12 18 8 6 5 11 3 23 17 2 4 ];
[ 15 9 20 16 13 6 12 19 8 2 24 23 7 21 18 4 3 17 1 25 5 22 11 14 10 ];
[ 11 2 6 3 7 22 5 23 17 14 15 10 1 4 19 21 9 20 13 12 25 24 16 18 8 ];
[ 5 8 24 14 17 20 1 16 18 4 25 9 22 11 3 19 10 2 15 23 6 7 21 12 13 ];
[ 9 24 14 2 19 18 17 20 4 23 8 15 21 1 22 16 25 5 10 13 11 6 12 3 7 ];
[ 25 4 1 22 15 2 19 13 14 6 16 7 24 5 17 12 20 11 3 9 21 10 18 8 23 ];
[ 18 6 16 7 5 9 8 21 15 12 3 19 10 13 11 22 24 23 14 17 20 2 4 1 25 ];
[ 17 20 3 11 10 7 24 25 5 22 12 18 23 2 6 15 1 21 4 8 16 14 13 19 9 ];
[ 23 12 21 13 8 16 11 3 1 10 20 25 4 9 14 6 2 7 19 18 24 5 22 15 17 ];
[ 6 13 4 1 16 24 3 18 22 11 21 17 2 23 25 14 19 12 20 15 10 8 9 7 5 ];
[ 20 25 23 24 3 14 7 15 16 9 19 11 13 22 4 10 17 8 18 5 2 12 1 6 21 ];
[ 19 17 7 8 22 4 21 2 23 5 18 12 20 10 9 25 6 13 24 1 15 16 3 11 14 ];
[ 2 10 5 18 21 17 20 8 12 25 14 1 15 6 16 11 4 9 7 3 13 19 23 24 22 ];
[ 12 14 9 15 11 10 13 6 19 1 7 24 8 3 5 2 23 16 22 21 18 17 25 4 20 ]
]
solveTime = 51.97022581100464
isOptimal = true
