t = [
[ 22 21 3 18 23 16 1 19 24 15 14 5 6 11 17 10 25 2 12 7 8 4 13 20 9 ];
[ 5 1 12 10 13 18 4 8 9 3 22 20 7 2 19 21 14 17 15 23 24 16 25 6 11 ];
[ 9 15 25 24 20 5 7 11 10 14 16 13 21 3 23 6 4 19 18 8 2 1 17 22 12 ];
[ 17 14 6 7 8 25 22 12 13 2 4 9 24 18 15 1 11 16 20 5 10 19 21 23 3 ];
[ 16 4 2 11 19 21 6 17 23 20 25 8 12 1 10 9 24 22 13 3 18 15 5 14 7 ];
[ 8 9 17 2 22 19 5 10 20 4 6 3 1 12 18 7 13 25 21 16 14 11 23 15 24 ];
[ 3 25 16 21 24 6 12 14 18 7 9 19 4 10 11 17 22 23 8 15 5 13 2 1 20 ];
[ 11 19 5 14 1 9 24 23 25 22 13 17 15 8 7 20 2 3 6 18 4 21 12 10 16 ];
[ 15 10 20 4 7 8 13 3 17 16 23 24 2 5 21 14 12 11 1 9 6 18 22 19 25 ];
[ 13 23 18 12 6 11 2 1 15 21 20 14 22 16 25 24 10 5 19 4 7 17 3 9 8 ];
[ 18 7 22 20 15 12 16 13 19 24 10 11 5 9 1 25 21 8 23 2 3 6 14 4 17 ];
[ 14 12 9 25 5 4 23 6 1 8 7 22 3 21 2 16 19 18 11 17 20 24 15 13 10 ];
[ 23 16 21 13 10 7 25 9 3 17 19 15 20 14 24 4 6 12 5 1 22 8 11 18 2 ];
[ 1 11 24 6 3 15 20 18 2 10 8 16 25 17 4 22 9 7 14 13 23 12 19 21 5 ];
[ 2 8 4 19 17 22 21 5 14 11 12 18 13 23 6 3 20 15 10 24 25 9 16 7 1 ];
[ 10 22 23 16 2 14 19 24 5 12 3 1 8 15 20 18 7 6 9 11 21 25 4 17 13 ];
[ 7 18 19 5 12 20 9 2 11 25 17 21 16 4 14 23 3 13 24 22 15 10 1 8 6 ];
[ 4 24 13 9 25 3 17 15 21 18 11 7 23 6 22 8 5 1 16 10 12 14 20 2 19 ];
[ 20 6 1 15 11 23 8 4 7 13 24 10 9 25 12 19 17 14 2 21 16 3 18 5 22 ];
[ 21 17 8 3 14 1 10 16 22 6 18 2 19 13 5 12 15 4 25 20 9 7 24 11 23 ];
[ 12 20 15 23 16 24 11 22 8 19 2 6 17 7 9 13 18 21 4 25 1 5 10 3 14 ];
[ 25 3 10 22 9 17 14 21 4 5 1 23 11 24 16 15 8 20 7 19 13 2 6 12 18 ];
[ 24 5 7 17 18 10 3 25 12 23 21 4 14 19 13 2 1 9 22 6 11 20 8 16 15 ];
[ 19 13 14 1 4 2 15 20 6 9 5 25 18 22 8 11 16 10 3 12 17 23 7 24 21 ];
[ 6 2 11 8 21 13 18 7 16 1 15 12 10 20 3 5 23 24 17 14 19 22 9 25 4 ]
]
solveTime = 0.37932515144348145
isOptimal = true
